1 0.21440546814547332 0.03327614831211954 0.007618003611039464 0.01751245157719978
1 0.09767990714469951 0.32341449916989484 0.007073768377611555 0.016344770337576094
1 0.24188676811968016 0.2860514665190924 0.007073768377611555 0.018680132816823465
1 0.1716881609491875 0.4319950193691201 0.010339179778179004 0.021015495296070837
1 0.2756254836213567 0.12784726065301605 0.004898117100851173 0.015177089097952408
1 0.23345241165849884 0.14127559490868843 0.005442352334279082 0.011676812396236858
1 0.4772440030951767 0.2767100166021029 0.01523729687903018 0.023350857775318208
1 0.48785530049006964 0.18564194798007747 0.003809646633995357 0.011676812396236858
1 0.4541165849883931 0.11383785279468733 0.003809646633995357 0.01050913115661317
1 0.7172259478978592 0.15528500276701718 0.005442352334279082 0.014009407858328722
1 0.5920647407789528 0.03035694521306032 0.003265411400567449 0.009341449916989484
1 0.6984524116584989 0.2095766463752075 0.008162238844467372 0.012844493635860543
1 0.9123136445705442 0.08464858882125069 0.00598658756770699 0.01050913115661317
1 0.8685078669074026 0.3461815163254012 0.005442352334279082 0.01050913115661317
1 0.9699961310291463 0.36719701162147206 0.008162238844467372 0.01751245157719978
1 0.9533995357234976 0.4705257332595462 0.006529533144183647 0.018680132816823465
1 0.8576244518957957 0.5347426674045379 0.007618003611039464 0.021015495296070837
1 0.7776296105236007 0.35552019922523515 0.007618003611039464 0.012844493635860543
1 0.7664740778952799 0.3864609850581074 0.003809646633995357 0.009341449916989484
1 0.7817113747743101 0.43900110680686216 0.00598658756770699 0.011676812396236858
1 0.8304152695383028 0.49212506917542886 0.006529533144183647 0.015177089097952408
1 0.7501496002063451 0.5750221361372441 0.00598658756770699 0.01751245157719978
1 0.9343525922104721 0.6427393469839513 0.007618003611039464 0.015177089097952408
1 0.7300141862264637 0.6357360265633647 0.00598658756770699 0.012844493635860543
1 0.808648439515089 0.7192169341449917 0.005442352334279082 0.011676812396236858
1 0.8932679907144699 0.731474820143885 0.00598658756770699 0.01050913115661317
1 0.9917642507093114 0.6479939125622579 0.00598658756770699 0.009341449916989484
1 0.9076889347433583 0.8996043165467627 0.007618003611039464 0.01751245157719978
1 0.8878256383801908 0.9066076369673493 0.009250709311323189 0.01751245157719978
1 0.755318545266959 0.8021112340896513 0.005442352334279082 0.014009407858328722
1 0.6263489811710086 0.7711732152739347 0.008706474077895281 0.01984781405644715
1 0.7577676038173845 0.8225456557830658 0.008162238844467372 0.01751245157719978
1 0.7751805519731751 0.8715827338129497 0.00598658756770699 0.012844493635860543
1 0.8042945576476658 0.7974432761483121 0.004353881867423266 0.009341449916989484
1 0.7909620840856332 0.8739180962921971 0.003809646633995357 0.0081737686773658
1 0.8432035078669073 0.8680796900940785 0.004898117100851173 0.012844493635860543
1 0.8445640959504772 0.8511483121195352 0.004353881867423266 0.0070060874377421145
1 0.8657866907402632 0.8610736026563365 0.004353881867423266 0.012844493635860543
1 0.860616456022698 0.9293746541228556 0.00598658756770699 0.016344770337576094
1 0.8674193964405469 0.9614831211953515 0.008706474077895281 0.015177089097952408
1 0.5539734330668042 0.8850083010514666 0.005442352334279082 0.014009407858328722
1 0.5145202476141346 0.9305423353624792 0.007073768377611555 0.014009407858328722
1 0.6059414495744132 0.5855312672938573 0.004898117100851173 0.01050913115661317
1 0.45982976528243485 0.7536579966795793 0.006529533144183647 0.012844493635860543
1 0.3654152695383028 0.7688378527946873 0.00598658756770699 0.01751245157719978
1 0.3866378643280887 0.8009435528500277 0.01142765024503482 0.023350857775318208
1 0.47751612071189065 0.9031045932484781 0.004898117100851173 0.01050913115661317
1 0.5256757802424555 0.8511483121195352 0.003265411400567449 0.009341449916989484
1 0.5313889605364973 0.9749114554510238 0.004898117100851173 0.014009407858328722
1 0.5678488522053134 0.9743276148312119 0.012516120711890637 0.022183176535694522
1 0.6353275728656177 0.9956281128942999 0.00598658756770699 0.00874377421140011
1 0.37847562548362135 0.8920143884892086 0.004898117100851173 0.011676812396236858
1 0.3052837245292752 0.8388904261206419 0.005442352334279082 0.012844493635860543
1 0.5338380190869229 0.9398837852794687 0.004353881867423266 0.014009407858328722
1 0.5882563838019087 0.8610736026563365 0.004353881867423266 0.01050913115661317
1 0.14339050812483878 0.7775926950747094 0.012516120711890637 0.021015495296070837
1 0.13223497549651791 0.8727504150525733 0.004353881867423266 0.01050913115661317
1 0.22746582409079186 0.8785860542335363 0.005442352334279082 0.01050913115661317
1 0.3145344338405984 0.851732152739347 0.004353881867423266 0.01050913115661317
1 0.11210085117358783 0.6567515218594355 0.004353881867423266 0.01050913115661317
1 0.05469048233169977 0.5989568345323741 0.00598658756770699 0.011676812396236858
1 0.05985942739231364 0.7653348090758163 0.006529533144183647 0.012844493635860543
1 0.15318545266958988 0.6129690094078584 0.004898117100851173 0.009341449916989484
1 0.19508769667268508 0.6906115107913668 0.013604591178746453 0.024518539014941894
1 0.31997678617487746 0.5767736579966796 0.008706474077895281 0.021015495296070837
1 0.5828140314676297 0.6701770890979524 0.003265411400567449 0.0070060874377421145
1 0.6511091049780758 0.335672385168788 0.004898117100851173 0.0081737686773658
1 0.3833737425844725 0.207825124515772 0.004898117100851173 0.014009407858328722