1 0.0762366790582404 0.04618306986231514 0.010061957868649319 0.01911014788373279
1 0.020510532837670386 0.11864354920958695 0.010061957868649319 0.020703722590515044
1 0.22058240396530357 0.0971443141254462 0.010835192069392813 0.025481896991330952
1 0.15402106567534077 0.4299872514023458 0.012384138785625774 0.028666496685364612
1 0.1470545229244114 0.4960785313615502 0.009287484510532839 0.020703722590515044
1 0.1013903345724907 0.5669479857215707 0.012384138785625774 0.031851096379398265
1 0.011223048327137546 0.7301835798062214 0.010061957868649319 0.0238883222845487
1 0.322360594795539 0.4252090770015298 0.011609665427509294 0.028666496685364612
1 0.3169417596034696 0.5191713411524732 0.010061957868649319 0.022294747577766446
1 0.33745229244114 0.7206272310045896 0.01393184634448575 0.036629270780214176
1 0.4102057001239158 0.9141228964813871 0.015479553903345725 0.025481896991330952
1 0.8865873605947956 0.18553289138194798 0.01315737298636927 0.0238883222845487
1 0.8916183395291202 0.08360785313615503 0.012384138785625774 0.020703722590515044
1 0.9047757125154895 0.05892401835798062 0.009287484510532839 0.022294747577766446
1 0.9268339529120199 0.09236868944416114 0.008514250309789343 0.01911014788373279
1 0.9454089219330855 0.025481896991330952 0.006965303593556382 0.015925548189699133
1 0.9906864931846344 0.08201682814890363 0.010835192069392813 0.020703722590515044
1 0.9922342007434944 0.06370219275879653 0.007739776951672862 0.01911014788373279