1 0.11099875156054932 0.03404669260700389 0.014800249687890137 0.03294886047804336
1 0.09965293383270912 0.3481517509727627 0.00986641697877653 0.02416064480266815
1 0.047359550561797754 0.49641745414118954 0.01184019975031211 0.021964980544747083
1 0.12777278401997502 0.5721984435797666 0.010852684144818978 0.02855475264035575
1 0.11322471910112358 0.532562534741523 0.011690387016229714 0.024096720400222347
1 0.08637952559300874 0.5961812117843246 0.008227215980024969 0.024096720400222347
1 0.13725468164794008 0.6516064480266814 0.009525593008739076 0.01735130628126737
1 0.14548064918851436 0.9605419677598667 0.006061173533083645 0.010603112840466925
1 0.11993508114856428 0.5017176209005003 0.01558676654182272 0.02602556976097832
1 0.19440823970037455 0.8868010005558644 0.008659176029962547 0.02120622568093385
1 0.24917977528089888 0.6694385769872151 0.012556803995006242 0.02602556976097832
1 0.2409525593008739 0.9677709838799333 0.0056292134831460675 0.015422456920511396
1 0.2476641697877653 0.9870483602001112 0.005196004993757802 0.013493607559755419
1 0.353310861423221 0.9441550861589773 0.005196004993757802 0.016386881600889382
1 0.24116978776529338 0.5971456364647026 0.0034644194756554307 0.010603112840466925
1 0.3175905118601748 0.5865425236242358 0.011690387016229714 0.01831573096164536
1 0.09417353308364544 0.2448332406892718 0.004762796504369538 0.013493607559755419
1 0.1119250936329588 0.26796831573096164 0.00909238451935081 0.013493607559755419
1 0.23554057428214734 0.30845191773207337 0.005196004993757802 0.009638688160088938
1 0.23922097378277155 0.3730350194552529 0.003896379525593009 0.011567537520844913
1 0.3024357053682897 0.3479738743746526 0.007360799001248439 0.015422456920511396
1 0.2864157303370787 0.38749305169538634 0.003896379525593009 0.007712618121178433
1 0.3024357053682897 0.37737354085603114 0.003896379525593009 0.008674263479710951
1 0.39184644194756557 0.44581156197887717 0.010392009987515605 0.022170650361311838
1 0.51870911360799 0.5542523624235687 0.008659176029962547 0.01735130628126737
1 0.4379588014981274 0.6660644802668149 0.013421972534332086 0.04048360200111173
1 0.49337952559300874 0.6978738187882156 0.003896379525593009 0.011567537520844913
1 0.4864519350811486 0.5720844913841023 0.012556803995006242 0.027954419121734297
1 0.501390761548065 0.5296720400222346 0.01558676654182272 0.047231795441912174
1 0.5840898876404494 0.45111172873818783 0.012123595505617977 0.03469983324068927
1 0.5459875156054931 0.723899388549194 0.005196004993757802 0.011567537520844913
1 0.4509475655430712 0.9345163979988882 0.012556803995006242 0.03373818788215675
1 0.6076866416978777 0.7200444691495275 0.0056292134831460675 0.02120622568093385
1 0.5983770287141074 0.7325764313507505 0.010392009987515605 0.015422456920511396
1 0.657912609238452 0.7884824902723736 0.007360799001248439 0.019277376320177876
1 0.5838726591760299 0.7783602001111729 0.00909238451935081 0.01831573096164536
1 0.6105006242197253 0.959093941078377 0.007794007490636704 0.013493607559755419
1 0.5925318352059925 0.9200555864369094 0.0056292134831460675 0.012531962201222902
1 0.5951298377028714 0.9793385214007782 0.0056292134831460675 0.013493607559755419
1 0.659860174781523 0.9253585325180657 0.006061173533083645 0.02120622568093385
1 0.5988102372034957 0.8776431350750418 0.01385518102372035 0.054944413563090606
1 0.7434257178526842 0.7417315175097277 0.005196004993757802 0.010603112840466925
1 0.7704868913857679 0.9735547526403557 0.003896379525593009 0.009638688160088938
1 0.9008139825218477 0.7947470817120622 0.015154806491885144 0.029880489160644803
1 0.8739687890137328 0.7841439688715953 0.00909238451935081 0.014458032240133409
1 0.9430287141073658 0.690644802668149 0.004329588014981274 0.012531962201222902
1 0.9941210986267166 0.8496914952751529 0.006927590511860175 0.027954419121734297
1 0.9603483146067416 0.7576375764313508 0.0034644194756554307 0.009638688160088938
1 0.7758988764044944 0.5687103946637021 0.004329588014981274 0.009638688160088938
1 0.909039950062422 0.5185853251806559 0.0064943820224719105 0.011567537520844913
1 0.893019975031211 0.5643718732629238 0.010823970037453183 0.024096720400222347
1 0.8746179775280898 0.29640355753196224 0.006927590511860175 0.012531962201222902
1 0.8782983770287142 0.35616731517509725 0.003896379525593009 0.010603112840466925
1 0.8053420724094882 0.2496525847693163 0.0034644194756554307 0.007712618121178433
1 0.9768014981273409 0.12338243468593664 0.014721598002496878 0.03084491384102279
1 0.7499200998751561 0.29495831017231794 0.011257178526841449 0.019277376320177876
1 0.8967003745318352 0.05590605892162313 0.009525593008739076 0.025061145080600335
1 0.7655081148564294 0.012048360200111173 0.011257178526841449 0.022170650361311838
1 0.8018776529338327 0.03373818788215675 0.005196004993757802 0.011567537520844913
1 0.8326192259675406 0.023135075041689827 0.005196004993757802 0.011567537520844913
1 0.8049088639200999 0.22555586436909392 0.005196004993757802 0.009638688160088938
1 0.8044756554307116 0.17013062812673707 0.005196004993757802 0.012531962201222902
1 0.8070736579275904 0.14844357976653696 0.005196004993757802 0.01735130628126737
1 0.7800124843945068 0.1735047248471373 0.00995880149812734 0.028916064480266818
1 0.6382122347066167 0.4809922178988327 0.004329588014981274 0.011567537520844913
1 0.5055031210986267 0.44195386325736524 0.0064943820224719105 0.016386881600889382
1 0.4871023720349563 0.15808226792662589 0.005196004993757802 0.011567537520844913
1 0.5689350811485643 0.3055614230127849 0.007794007490636704 0.01735130628126737
1 0.5979450686641697 0.3696609227348527 0.006927590511860175 0.010603112840466925
1 0.5626566791510612 0.4159282934963869 0.004762796504369538 0.010603112840466925
1 0.5804094881398252 0.40436353529738744 0.004762796504369538 0.008674263479710951
1 0.5100499375780274 0.37496386881600885 0.004329588014981274 0.009638688160088938
1 0.6219750312109863 0.23471372984991662 0.010823970037453183 0.022170650361311838
1 0.6395106117353307 0.24869093941078377 0.008659176029962547 0.023135075041689827
1 0.5100499375780274 0.35664813785436356 0.005196004993757802 0.013493607559755419
1 0.5332147315855181 0.13012784880489162 0.013421972534332086 0.028916064480266818
1 0.3979076154806492 0.03759310728182323 0.010392009987515605 0.02120622568093385
1 0.4171760299625468 0.03421901056142301 0.00995880149812734 0.022170650361311838
1 0.5730486891385768 0.20531406336853808 0.014288389513108615 0.032773763201778765
1 0.48233957553058676 0.04675097276264591 0.007794007490636704 0.01831573096164536
1 0.47497877652933834 0.031809338521400776 0.011257178526841449 0.02698999444135631