1 0.02094287680660702 0.9695708154506438 0.031410874053682036 0.05875536480686695
1 0.056015141087405365 0.7845779685264663 0.007329662766689608 0.015236051502145923
1 0.09291810048176187 0.8264806866952791 0.0057604955264969025 0.016323319027181687
1 0.12852030282174812 0.8438912732474965 0.0057604955264969025 0.011974248927038626
1 0.18871988988300067 0.6964377682403433 0.006806607019958707 0.013061516452074392
1 0.23217481073640744 0.7269098712446352 0.0057604955264969025 0.010886981402002862
1 0.16359256710254644 0.6338769670958512 0.006806607019958707 0.014148783977110158
1 0.27771507226428077 0.8667381974248928 0.0057604955264969025 0.016323319027181687
1 0.3999518238128011 0.8237625178826895 0.009421885753613213 0.019585121602288983
1 0.1701376462491397 0.8890557939914163 0.006283551273227805 0.015236051502145923
1 0.3591190640055058 0.8237625178826895 0.006283551273227805 0.013061516452074392
1 0.1502477632484515 0.855865522174535 0.006283551273227805 0.011974248927038626
1 0.1701376462491397 0.9059227467811158 0.005237439779766002 0.011974248927038626
1 0.358072952512044 0.6050357653791131 0.005237439779766002 0.010886981402002862
1 0.15469373709566414 0.9026466380543634 0.004714384033035099 0.009799713876967096
1 0.09972470750172058 0.8944921316165951 0.004714384033035099 0.00871244635193133
1 0.2502339986235375 0.8134191702432046 0.005237439779766002 0.016323319027181687
1 0.11098417068134893 0.6784835479256079 0.007329662766689608 0.014148783977110158
1 0.49077770130763937 0.9032045779685265 0.004714384033035099 0.010886981402002862
1 0.5441775636613903 0.7225608011444922 0.004714384033035099 0.010886981402002862
1 0.5151204404679973 0.8313733905579399 0.005237439779766002 0.010886981402002862
1 0.5360633172746042 0.8400858369098713 0.005237439779766002 0.013061516452074392
1 0.5441775636613903 0.8406294706723891 0.004714384033035099 0.009799713876967096
1 0.6381486579490709 0.836824034334764 0.0041913282863041985 0.010886981402002862
1 0.606214728148658 0.7312589413447782 0.0041913282863041985 0.010886981402002862
1 0.5860564349621472 0.693175965665236 0.004714384033035099 0.013061516452074392
1 0.5248107364074329 0.7035193133047211 0.004714384033035099 0.014148783977110158
1 0.6051686166551961 0.8825178826895566 0.005237439779766002 0.010886981402002862
1 0.6331727460426704 0.9423748211731044 0.0057604955264969025 0.010886981402002862
1 0.519050240880936 0.8738197424892703 0.006806607019958707 0.013061516452074392
1 0.535278733654508 0.9320314735336195 0.004714384033035099 0.009799713876967096
1 0.36749483826565726 0.9516165951359083 0.005237439779766002 0.011974248927038626
1 0.7140536820371645 0.8297424892703863 0.005237439779766002 0.009799713876967096
1 0.6200825877494839 0.802002861230329 0.009944941500344116 0.019585121602288983
1 0.6797660013764625 0.8438912732474965 0.006806607019958707 0.016323319027181687
1 0.6491397109428768 0.9858941344778255 0.006283551273227805 0.013061516452074392
1 0.7431108052305575 0.738340486409156 0.0057604955264969025 0.011974248927038626
1 0.7582863041982105 0.718211731044349 0.004714384033035099 0.010886981402002862
1 0.6797660013764625 0.6839341917024321 0.015182381280110116 0.04462088698140201
1 0.7122229869236063 0.6752217453505007 0.0057604955264969025 0.009799713876967096
1 0.7789676531314521 0.8177682403433476 0.006283551273227805 0.009799713876967096
1 0.8211080523055746 0.8972103004291845 0.004714384033035099 0.011974248927038626
1 0.7983344803854096 0.9679399141630902 0.008375774260151412 0.014148783977110158
1 0.7907432897453545 0.6714163090128755 0.009944941500344116 0.021759656652360515
1 0.7954576737783895 0.6969814020028612 0.0057604955264969025 0.011974248927038626
1 0.4824019270474879 0.5702145922746781 0.009944941500344116 0.019585121602288983
1 0.6886648313833448 0.5587839771101574 0.01309015829318651 0.03373390557939914
1 0.6855196145905024 0.5255937052932761 0.006806607019958707 0.013061516452074392
1 0.5491534755677907 0.4798855507868383 0.005237439779766002 0.015236051502145923
1 0.5020371644872678 0.5223319027181689 0.011514108740536821 0.028297567954220317
1 0.4339779766001377 0.5408297567954221 0.014659325533379217 0.023934191702432047
1 0.47402615278733656 0.5234191702432046 0.0057604955264969025 0.010886981402002862
1 0.19840330350997934 0.4760801144492131 0.009421885753613213 0.016323319027181687
1 0.287136958017894 0.5522603719599427 0.008898830006882312 0.01849785407725322
1 0.28609084652443223 0.5027467811158799 0.0057604955264969025 0.010886981402002862
1 0.17327598072952513 0.5158082975679542 0.008375774260151412 0.013061516452074392
1 0.5721816930488645 0.55552217453505 0.008375774260151412 0.016323319027181687
1 0.5541225051617343 0.3721602288984263 0.0057604955264969025 0.013061516452074392
1 0.5070061940812113 0.3433190271816881 0.006806607019958707 0.014148783977110158
1 0.47978664831383344 0.28619456366237483 0.008898830006882312 0.021759656652360515
1 0.3436751548520303 0.25028612303290415 0.008898830006882312 0.019585121602288983
1 0.3324225739848589 0.26932761087267526 0.006283551273227805 0.014148783977110158
1 0.3716861665519614 0.24374821173104436 0.005237439779766002 0.00871244635193133
1 0.5967928423950447 0.5598712446351931 0.005237439779766002 0.014148783977110158
1 0.6779353062629043 0.3678111587982833 0.007329662766689608 0.015236051502145923
1 0.5936476256022024 0.6208154506437769 0.005237439779766002 0.014148783977110158
1 0.5711355815554027 0.6050357653791131 0.005237439779766002 0.010886981402002862
1 0.7831520991052995 0.38957081545064376 0.006283551273227805 0.015236051502145923
1 0.8669167240192706 0.4015450643776824 0.008375774260151412 0.021759656652360515
1 0.8035719201651754 0.467381974248927 0.007329662766689608 0.014148783977110158
1 0.8396902959394356 0.37705293276108726 0.005237439779766002 0.011974248927038626
1 0.7577632484514797 0.38793991416309015 0.0057604955264969025 0.009799713876967096
1 0.7096008258774948 0.3319027181688126 0.006806607019958707 0.015236051502145923
1 0.8334136269786648 0.21111587982832616 0.006283551273227805 0.013061516452074392
1 0.7483413626978664 0.2296137339055794 0.004714384033035099 0.013061516452074392
1 0.8101169993117687 0.15452074391988554 0.0057604955264969025 0.013061516452074392
1 0.9467515485203029 0.40480686695278967 0.009944941500344116 0.017410586552217455
1 0.9496283551273227 0.27041487839771106 0.006283551273227805 0.011974248927038626
1 0.9339229181004818 0.44779685264663804 0.006283551273227805 0.014148783977110158
1 0.9310461114934617 0.46247496423462087 0.006806607019958707 0.013061516452074392
1 0.9828699242945629 0.4216738197424893 0.006806607019958707 0.016323319027181687
1 0.990984170681349 0.44560801144492135 0.005237439779766002 0.011974248927038626
1 0.9718788713007571 0.17301859799713876 0.0057604955264969025 0.013061516452074392
1 0.9624569855471439 0.17682403433476393 0.006806607019958707 0.014148783977110158
1 0.9611424638678596 0.14854077253218884 0.005237439779766002 0.011974248927038626
1 0.5724501032346868 0.1654077253218884 0.008898830006882312 0.015236051502145923
1 0.5881486579490709 0.1556080114449213 0.004714384033035099 0.010886981402002862
1 0.5884101858224363 0.18336194563662372 0.005237439779766002 0.009799713876967096
1 0.5551686166551961 0.191516452074392 0.006806607019958707 0.015236051502145923
1 0.4729800412938748 0.21111587982832616 0.0057604955264969025 0.013061516452074392
1 0.7559325533379214 0.1398283261802575 0.009421885753613213 0.022846924177396283
1 0.6978251892635926 0.128412017167382 0.006283551273227805 0.013061516452074392
1 0.716668960770819 0.13874105865522174 0.006283551273227805 0.009799713876967096
1 0.642856159669649 0.1648640915593705 0.006283551273227805 0.014148783977110158
1 0.43790777701307637 0.1556080114449213 0.004714384033035099 0.013061516452074392
1 0.4321472814865795 0.20022889842632333 0.0057604955264969025 0.010886981402002862
1 0.9556503785271852 0.10663805436337626 0.010991052993805919 0.021759656652360515
1 0.7093392980041294 0.3852217453505007 0.0041913282863041985 0.00871244635193133
1 0.7896971782518927 0.12078683834048642 0.015182381280110116 0.021759656652360515
1 0.9511975223675154 0.029384835479256077 0.01256710254645561 0.023934191702432047
1 0.7635237439779766 0.041344778254649495 0.008898830006882312 0.017410586552217455
1 0.8203234686854783 0.025021459227467808 0.007329662766689608 0.015236051502145923
1 0.8656090846524432 0.017410586552217455 0.004714384033035099 0.010886981402002862
1 0.8572333103922918 0.03101573676680973 0.004714384033035099 0.009799713876967096
1 0.8352443220922229 0.03482117310443491 0.0057604955264969025 0.010886981402002862
1 0.6891878871300757 0.040257510729613734 0.004714384033035099 0.010886981402002862
1 0.6792429456297316 0.07944206008583692 0.008898830006882312 0.019585121602288983
1 0.7459876118375774 0.036452074391988554 0.005237439779766002 0.011974248927038626
1 0.5645973847212663 0.029384835479256077 0.0036613902271163115 0.013061516452074392
1 0.5912938747419133 0.04462088698140201 0.007852718513420509 0.017410586552217455
1 0.5211424638678597 0.08596566523605151 0.0036613902271163115 0.010886981402002862
1 0.5748038540949759 0.1240486409155937 0.005237439779766002 0.010886981402002862
1 0.547577426015141 0.014148783977110158 0.006283551273227805 0.010886981402002862
1 0.503344803854095 0.21546494992846926 0.0057604955264969025 0.010886981402002862
1 0.2761459050240881 0.028297567954220317 0.009944941500344116 0.019585121602288983
1 0.3093874741913283 0.060400572246065806 0.005237439779766002 0.011974248927038626
1 0.38267721954576733 0.013061516452074392 0.005237439779766002 0.010886981402002862
1 0.41382656572608395 0.06366237482117311 0.006806607019958707 0.014148783977110158
1 0.2808602890571232 0.11535050071530757 0.008898830006882312 0.015236051502145923
1 0.38058499655884376 0.1305865522174535 0.006283551273227805 0.013061516452074392
1 0.3282312456985547 0.19533619456366236 0.006283551273227805 0.014148783977110158
1 0.2292911218169305 0.26987124463519313 0.005237439779766002 0.013061516452074392
1 0.18191328286304198 0.044077253218884116 0.007852718513420509 0.016323319027181687
1 0.5122436338609773 0.04570815450643777 0.0057604955264969025 0.010886981402002862
1 0.5059600825877495 0.046795422031473535 0.004714384033035099 0.010886981402002862
1 0.07748107364074329 0.046795422031473535 0.008375774260151412 0.013061516452074392
1 0.11935994494150035 0.10718168812589414 0.006283551273227805 0.011974248927038626
1 0.06177563661390228 0.24429184549356223 0.008375774260151412 0.016323319027181687
1 0.1175223675154852 0.38576537911301856 0.006806607019958707 0.011974248927038626
1 0.16254645560908465 0.4146065808297568 0.0057604955264969025 0.010886981402002862
1 0.17511355815554025 0.4249356223175965 0.0057604955264969025 0.014148783977110158
1 0.16359256710254644 0.4847925608011445 0.004714384033035099 0.011974248927038626
1 0.0780041293874742 0.3868526466380544 0.005237439779766002 0.009799713876967096
1 0.9205712319339298 0.6333333333333333 0.01203716448726772 0.019585121602288983
1 0.8697935306262904 0.7764234620886982 0.009944941500344116 0.01849785407725322
1 0.8677013076393668 0.9766523605150214 0.007852718513420509 0.014148783977110158
1 0.766662078458362 0.841173104434907 0.0057604955264969025 0.010886981402002862
1 0.5810874053682038 0.8923175965665237 0.005237439779766002 0.010886981402002862
1 0.811424638678596 0.5451788268955651 0.006283551273227805 0.00871244635193133
1 0.5981004817618719 0.969027181688126 0.006806607019958707 0.009799713876967096