1 0.3474195854181558 0.80012 0.011007862759113652 0.01412
1 0.36943531093638315 0.8681333333333333 0.006876340243030736 0.019253333333333334
1 0.04609006433166548 0.7609866666666667 0.012380271622587563 0.020533333333333334
1 0.07051465332380272 0.85916 0.011694067190850607 0.019253333333333334
1 0.1682058613295211 0.9489866666666666 0.008942101501072195 0.01668
1 0.21774124374553253 0.87584 0.011694067190850607 0.01668
1 0.27965689778413155 0.9618133333333333 0.008942101501072195 0.019253333333333334
1 0.11523230879199428 0.8437600000000001 0.007569692637598284 0.01668
1 0.014102930664760543 0.8347733333333334 0.007569692637598284 0.01668
1 0.08083631165117941 0.6320133333333333 0.0061901358112937815 0.011546666666666667
1 0.03784131522516083 0.6249600000000001 0.00825589706933524 0.0154
1 0.16545389563974267 0.8039733333333333 0.008942101501072195 0.01412
1 0.19503931379556827 0.7982 0.007569692637598284 0.0154
1 0.1148892065761258 0.9927733333333334 0.00962830593280915 0.01444
1 0.1472265904217298 0.8193733333333333 0.006876340243030736 0.01668
1 0.18746962115796997 0.5794 0.007569692637598284 0.01668
1 0.1737097927090779 0.6063466666666667 0.0061901358112937815 0.01412
0 0.1991636883488206 0.65704 0.02132952108649035 0.04362666666666667
0 0.43341672623302363 0.5729866666666666 0.023388134381701214 0.04234666666666667
1 0.23253037884203 0.5717066666666666 0.00825589706933524 0.01412
1 0.25523230879199427 0.53 0.00962830593280915 0.020533333333333334
1 0.3718441744102931 0.6538266666666667 0.008942101501072195 0.021813333333333334
1 0.3037383845604003 0.6448533333333333 0.010321658327376698 0.01412
1 0.2046676197283774 0.6859066666666666 0.007569692637598284 0.01412
1 0.23872051465332383 0.6461333333333333 0.006876340243030736 0.01668
1 0.24972837741243745 0.6608933333333333 0.00825589706933524 0.020533333333333334
1 0.27037169406719086 0.7006666666666667 0.00825589706933524 0.0154
1 0.27483917083631165 0.7321066666666667 0.007569692637598284 0.01668
1 0.2253109363831308 0.7269733333333334 0.007569692637598284 0.01412
1 0.28997855611150825 0.64228 0.007569692637598284 0.011546666666666667
1 0.39420300214438886 0.8886666666666667 0.005503931379556826 0.01668
1 0.46162258756254465 0.8739066666666666 0.00825589706933524 0.020533333333333334
1 0.2239313795568263 0.35803999999999997 0.008942101501072195 0.012826666666666665
1 0.2724303073624017 0.28359999999999996 0.006876340243030736 0.023093333333333334
1 0.08393137955682631 0.32081333333333334 0.00825589706933524 0.0154
1 0.0574481772694782 0.4459333333333333 0.0061901358112937815 0.01668
1 0.08152251608291637 0.453 0.0061901358112937815 0.012826666666666665
1 0.13380986418870622 0.5665733333333334 0.008942101501072195 0.01412
1 0.2311579699785561 0.5113866666666667 0.00825589706933524 0.01668
1 0.2724303073624017 0.5255066666666667 0.006876340243030736 0.01412
1 0.38629020729092206 0.53 0.0061901358112937815 0.0154
1 0.37906361686919227 0.5813200000000001 0.006876340243030736 0.020533333333333334
1 0.3577412437455325 0.59672 0.00825589706933524 0.01796
1 0.32471765546819154 0.51524 0.006876340243030736 0.01668
1 0.4805432451751251 0.7013066666666667 0.008942101501072195 0.019253333333333334
1 0.4341029306647605 0.7102933333333333 0.00825589706933524 0.01412
1 0.1031951393852752 0.47289333333333333 0.005503931379556826 0.011546666666666667
1 0.41793423874195856 0.51652 0.004817726947819872 0.011546666666666667
1 0.5080629020729092 0.5896666666666667 0.007569692637598284 0.01412
1 0.5063402430307362 0.6082799999999999 0.006876340243030736 0.012826666666666665
1 0.5462401715511079 0.7667600000000001 0.00825589706933524 0.01668
1 0.4471765546819157 0.6948933333333333 0.006876340243030736 0.01412
1 0.2476697641172266 0.17581333333333335 0.006876340243030736 0.010266666666666667
1 0.1472265904217298 0.6628133333333334 0.005503931379556826 0.011546666666666667
0 0.6625089349535382 0.73788 0.031644031451036454 0.06673333333333333
0 0.8083559685489636 0.8681333333333333 0.022015725518227305 0.044919999999999995
1 0.6318942101501072 0.86108 0.0061901358112937815 0.012826666666666665
1 0.7182344531808434 0.9348666666666666 0.00825589706933524 0.019253333333333334
1 0.6628520371694068 0.62816 0.007569692637598284 0.01668
1 0.5820157255182273 0.7289066666666666 0.00825589706933524 0.012826666666666665
1 0.5445246604717655 0.7417333333333332 0.0061901358112937815 0.010266666666666667
1 0.639807005003574 0.6069866666666667 0.006876340243030736 0.0154
1 0.6367119370979271 0.64356 0.008942101501072195 0.01668
1 0.6301715511079342 0.70388 0.00962830593280915 0.01412
1 0.6239814152966405 0.68784 0.006876340243030736 0.01796
1 0.6040314510364546 0.5081733333333334 0.005503931379556826 0.012826666666666665
1 0.5857969978556111 0.5203733333333332 0.008942101501072195 0.01668
1 0.5751393852751966 0.51652 0.00962830593280915 0.019253333333333334
1 0.5407362401715511 0.53256 0.005503931379556826 0.012826666666666665
1 0.5964617583988564 0.3554666666666667 0.00825589706933524 0.01796
1 0.5376411722659042 0.40616 0.0061901358112937815 0.011546666666666667
1 0.6779842744817727 0.5980133333333333 0.0061901358112937815 0.0154
1 0.7223588277340958 0.5441066666666666 0.00825589706933524 0.020533333333333334
1 0.5593137955682631 0.65768 0.005503931379556826 0.008986666666666667
1 0.7632952108649035 0.6666666666666666 0.0061901358112937815 0.01412
1 0.7395568263045033 0.6814266666666666 0.006876340243030736 0.0154
1 0.8351822730521802 0.7212 0.00825589706933524 0.0154
1 0.8234882058613295 0.7019466666666667 0.006876340243030736 0.012826666666666665
1 0.7880629020729092 0.6467733333333333 0.007569692637598284 0.012826666666666665
1 0.8602930664760543 0.65832 0.007569692637598284 0.0154
1 0.8011293781272337 0.49534666666666666 0.007569692637598284 0.012826666666666665
1 0.7743030736240172 0.5293466666666666 0.007569692637598284 0.011546666666666667
1 0.8599499642601858 0.45236 0.006876340243030736 0.011546666666666667
1 0.8709578270192995 0.6153333333333333 0.00962830593280915 0.021813333333333334
1 0.8964117226590421 0.7584133333333333 0.006876340243030736 0.010266666666666667
1 0.9167119370979271 0.564 0.007569692637598284 0.01412
1 0.9321872766261616 0.46840000000000004 0.006876340243030736 0.012826666666666665
1 0.8393137955682631 0.6185333333333333 0.00825589706933524 0.01796
1 0.8200500357398142 0.6230266666666666 0.00825589706933524 0.01412
1 0.7509077912794854 0.46776 0.0061901358112937815 0.011546666666666667
1 0.9669335239456754 0.7160666666666666 0.007569692637598284 0.0154
1 0.9837884203002144 0.6082799999999999 0.006876340243030736 0.012826666666666665
1 0.9431951393852752 0.9111333333333334 0.005503931379556826 0.012826666666666665
1 0.9132666190135812 0.9156133333333334 0.0061901358112937815 0.011546666666666667
1 0.5527805575411008 0.29772 0.007569692637598284 0.0154
0 0.7484989278055755 0.23676 0.01788420300214439 0.039786666666666665
1 0.8764617583988564 0.20404 0.00825589706933524 0.012826666666666665
1 0.9160185847033595 0.14693333333333333 0.007569692637598284 0.01412
1 0.746097212294496 0.09431999999999999 0.010321658327376698 0.01412
1 0.619506790564689 0.12639999999999998 0.007569692637598284 0.01668
1 0.6263902787705504 0.04426666666666667 0.007569692637598284 0.01412
1 0.5606862044317369 0.10908 0.006876340243030736 0.0154
1 0.5827019299499643 0.1572 0.005503931379556826 0.011546666666666667
1 0.5386704789135097 0.18350666666666665 0.006876340243030736 0.012826666666666665
1 0.6748892065761257 0.06352000000000001 0.005503931379556826 0.011546666666666667
1 0.7010364546104361 0.06673333333333333 0.005503931379556826 0.010266666666666667
1 0.7863402430307361 0.06545333333333334 0.00825589706933524 0.012826666666666665
1 0.9762187276626162 0.03913333333333333 0.005503931379556826 0.011546666666666667
1 0.5032451751250894 0.06865333333333333 0.0061901358112937815 0.019253333333333334
1 0.44854896354538953 0.07058666666666666 0.00825589706933524 0.0154
1 0.4870764832022873 0.023093333333333334 0.006876340243030736 0.012826666666666665
1 0.38285203716940674 0.08982666666666668 0.0061901358112937815 0.010266666666666667
1 0.32953538241601144 0.0494 0.00825589706933524 0.011546666666666667
1 0.2696783416726233 0.09431999999999999 0.00825589706933524 0.01668
1 0.10869907076483201 0.077 0.00825589706933524 0.0154
1 0.059849892780557544 0.05325333333333333 0.00825589706933524 0.019253333333333334
1 0.09080771979985705 0.0057733333333333334 0.00825589706933524 0.011546666666666667
1 0.24422444603288063 0.011546666666666667 0.006876340243030736 0.010266666666666667
1 0.2517941386704789 0.11934666666666667 0.006876340243030736 0.012826666666666665
1 0.2136097212294496 0.026306666666666666 0.008942101501072195 0.011546666666666667
1 0.21774124374553253 0.03657333333333333 0.004817726947819872 0.008986666666666667
1 0.3071765546819157 0.12190666666666668 0.004817726947819872 0.010266666666666667
1 0.21017155110793423 0.15783999999999998 0.0061901358112937815 0.007693333333333332