1 0.6589689265536723 0.2986294416243655 0.01971045197740113 0.035418781725888325
1 0.5848870056497175 0.405507614213198 0.015635593220338983 0.029314720812182744
1 0.5039971751412429 0.4635152284263959 0.008834745762711864 0.01098984771573604
1 0.49074858757062145 0.5587817258883249 0.008156779661016949 0.020761421319796955
1 0.8747740112994351 0.33282994923857867 0.012231638418079097 0.0183248730964467
1 0.7194632768361582 0.43847715736040604 0.008834745762711864 0.014657360406091372
1 0.6983968926553672 0.3981725888324873 0.0061158192090395485 0.014657360406091372
1 0.846906779661017 0.5258121827411167 0.008156779661016949 0.013439086294416244
1 0.6538771186440678 0.46535532994923856 0.008156779661016949 0.014657360406091372
1 0.626002824858757 0.2943527918781726 0.005437853107344633 0.012208121827411166
1 0.8149646892655368 0.16916243654822335 0.010875706214689265 0.023210659898477155
1 0.7840395480225989 0.20703045685279187 0.008834745762711864 0.0183248730964467
1 0.9417302259887006 0.04701776649746193 0.007478813559322034 0.013439086294416244
1 0.7870974576271186 0.07939086294416244 0.016313559322033898 0.02197969543147208
1 0.7779166666666667 0.10748730964467006 0.0061158192090395485 0.012208121827411166
1 0.5784251412429379 0.014657360406091372 0.00951271186440678 0.014657360406091372
1 0.4832697740112994 0.06779187817258883 0.008156779661016949 0.013439086294416244
1 0.4764689265536723 0.03908629441624366 0.012231638418079097 0.017093908629441625
1 0.4730720338983051 0.21802030456852795 0.006793785310734463 0.015875634517766496
1 0.5624505649717514 0.11725888324873097 0.007478813559322034 0.012208121827411166
1 0.6667867231638418 0.16060913705583757 0.005437853107344633 0.013439086294416244
1 0.9407062146892655 0.9374238578680204 0.005437853107344633 0.013439086294416244
1 0.9318714689265537 0.860469543147208 0.006793785310734463 0.01098984771573604
1 0.9298305084745764 0.8403172588832487 0.005437853107344633 0.009771573604060915
1 0.6246468926553672 0.8714593908629442 0.00951271186440678 0.015875634517766496
1 0.5213347457627119 0.6296319796954315 0.005437853107344633 0.01098984771573604
1 0.7408757062146892 0.8671954314720812 0.006793785310734463 0.012208121827411166
1 0.8061299435028249 0.8421573604060913 0.005437853107344633 0.01098984771573604
1 0.41461864406779664 0.8433756345177665 0.013594632768361582 0.0183248730964467
1 0.4180155367231638 0.5929822335025381 0.006793785310734463 0.015875634517766496
1 0.278340395480226 0.8195558375634517 0.01155367231638418 0.017093908629441625
1 0.1413771186440678 0.6790989847715736 0.012231638418079097 0.02686548223350254
1 0.05675847457627119 0.6864213197969543 0.0061158192090395485 0.012208121827411166
1 0.02310734463276836 0.6430583756345178 0.00951271186440678 0.015875634517766496
1 0.21818502824858757 0.8739086294416244 0.006793785310734463 0.01098984771573604
1 0.08699858757062147 0.7774111675126903 0.012231638418079097 0.023210659898477155
1 0.28241525423728814 0.9575761421319797 0.0061158192090395485 0.014657360406091372
1 0.14205508474576273 0.9905456852791877 0.006793785310734463 0.009771573604060915
1 0.11759180790960451 0.5978680203045685 0.00951271186440678 0.023210659898477155
1 0.1135098870056497 0.5325253807106599 0.00951271186440678 0.017093908629441625
1 0.1689053672316384 0.5001649746192893 0.008834745762711864 0.013439086294416244
1 0.28105932203389833 0.47328680203045687 0.007478813559322034 0.015875634517766496
1 0.28649717514124295 0.41465736040609136 0.004759887005649718 0.01098984771573604
1 0.3381497175141243 0.37191624365482234 0.01155367231638418 0.015875634517766496
1 0.34257062146892653 0.16366751269035532 0.02175141242937853 0.03908629441624366
1 0.3571822033898305 0.06473350253807106 0.01019774011299435 0.01954314720812183
1 0.18997881355932203 0.11053299492385786 0.014272598870056498 0.0183248730964467
1 0.14171610169491525 0.15511421319796956 0.01155367231638418 0.017093908629441625
1 0.10297316384180791 0.26138324873096447 0.01019774011299435 0.01954314720812183
1 0.04553672316384181 0.18931472081218276 0.008156779661016949 0.012208121827411166
1 0.06593220338983051 0.34870558375634514 0.006793785310734463 0.013439086294416244
1 0.013933615819209039 0.3120685279187817 0.007478813559322034 0.013439086294416244
1 0.19439265536723163 0.24733502538071067 0.006793785310734463 0.013439086294416244
1 0.23110169491525423 0.24000000000000002 0.006793785310734463 0.013439086294416244
1 0.29091101694915256 0.12275380710659899 0.012231638418079097 0.0183248730964467
1 0.11283192090395482 0.1557233502538071 0.006793785310734463 0.01098984771573604
1 0.1427401129943503 0.06901015228426396 0.00951271186440678 0.020761421319796955
1 0.32319915254237286 0.012208121827411166 0.01019774011299435 0.01954314720812183
1 0.1583686440677966 0.009771573604060915 0.010875706214689265 0.01954314720812183
1 0.2851341807909605 0.016484771573604062 0.007478813559322034 0.013439086294416244
1 0.1135098870056497 0.004885786802030457 0.006793785310734463 0.009771573604060915