1 0.4293273231622746 0.47657824933687 0.05205963938973647 0.11948275862068966
0 0.020478502080443828 0.6763793103448276 0.020131761442441054 0.035848806366047745
0 0.05101941747572815 0.8489522546419098 0.02568654646324549 0.046458885941644566
1 0.040957004160887656 0.6060212201591512 0.009715672676837725 0.017254641909814322
1 0.01874479889042996 0.5489389920424403 0.00832871012482663 0.017254641909814322
1 0.09579056865464632 0.5190583554376658 0.027766990291262134 0.05310344827586207
1 0.07947988904299584 0.6159681697612732 0.011803051317614425 0.021246684350132626
1 0.07288488210818307 0.7162068965517241 0.00832871012482663 0.017254641909814322
1 0.07392510402219139 0.6856631299734748 0.006248266296809986 0.011949602122015915
1 0.03436199722607489 0.8336870026525199 0.006248266296809986 0.013275862068965517
1 0.01769764216366158 0.8316976127320955 0.007635228848821082 0.011949602122015915
1 0.056227461858529816 0.9876790450928382 0.013883495145631067 0.018580901856763924
1 0.028113730929264908 0.99184350132626 0.010409153952843274 0.016299734748010608
1 0.13744105409153953 0.7102254641909814 0.009715672676837725 0.013275862068965517
1 0.13084604715672676 0.544946949602122 0.007635228848821082 0.014602122015915119
1 0.1943619972260749 0.5622148541114058 0.009715672676837725 0.019907161803713526
1 0.08294729542302358 0.41816976127320954 0.007635228848821082 0.013275862068965517
1 0.1808252427184466 0.6896551724137931 0.011803051317614425 0.027877984084880635
1 0.0902357836338419 0.40555702917771885 0.006941747572815534 0.014602122015915119
1 0.23565880721220528 0.6624403183023873 0.00486130374479889 0.010623342175066313
1 0.2141470180305132 0.6040318302387268 0.007635228848821082 0.013275862068965517
1 0.25405686546463246 0.7454111405835543 0.023599167822468795 0.07832891246684351
1 0.2700208044382802 0.7221750663129973 0.0055547850208044385 0.013275862068965517
1 0.2731484049930652 0.4546816976127321 0.007635228848821082 0.014602122015915119
1 0.2911927877947295 0.48255968169761276 0.006248266296809986 0.011949602122015915
1 0.3127115117891817 0.4719363395225464 0.006248266296809986 0.011949602122015915
1 0.2818238557558946 0.552917771883289 0.0055547850208044385 0.009297082228116711
1 0.36720527045769763 0.5894164456233422 0.011109570041608877 0.01592838196286472
1 0.3862898751733703 0.5993766578249337 0.007635228848821082 0.019907161803713526
1 0.32624826629681 0.6192970822281167 0.00832871012482663 0.014602122015915119
1 0.28598474341192787 0.8808090185676393 0.006941747572815534 0.017254641909814322
1 0.28459778085991677 0.8602387267904509 0.00832871012482663 0.02389920424403183
1 0.2755755894590846 0.9020557029177718 0.0055547850208044385 0.009297082228116711
1 0.33353675450762826 0.977055702917772 0.009022191400832177 0.01592838196286472
1 0.16936893203883494 0.8024933687002653 0.006941747572815534 0.011949602122015915
1 0.358869625520111 0.8031564986737401 0.006941747572815534 0.013275862068965517
1 0.3644244105409154 0.9405570291777188 0.0055547850208044385 0.011949602122015915
1 0.35678918169209434 0.9352387267904508 0.006941747572815534 0.011949602122015915
1 0.410242718446602 0.8456366047745358 0.0055547850208044385 0.013275862068965517
1 0.3356171983356449 0.7035941644562335 0.006248266296809986 0.013275862068965517
1 0.4376560332871013 0.9644562334217507 0.009022191400832177 0.017254641909814322
1 0.42620665742024966 0.9690981432360743 0.00832871012482663 0.02389920424403183
1 0.40468793342579745 0.991657824933687 0.009715672676837725 0.013275862068965517
1 0.4456380027739251 0.8071352785145889 0.009715672676837725 0.018580901856763924
1 0.4005201109570041 0.6159681697612732 0.00832871012482663 0.013275862068965517
1 0.4255131761442441 0.7480636604774535 0.0055547850208044385 0.014602122015915119
1 0.4609153952843273 0.8429840848806366 0.006941747572815534 0.013275862068965517
1 0.4623023578363384 0.9631167108753317 0.006941747572815534 0.014602122015915119
1 0.5001317614424411 0.9478514588859416 0.006248266296809986 0.013275862068965517
1 0.48486130374479885 0.8496153846153847 0.006248266296809986 0.010623342175066313
1 0.4782662968099861 0.8549336870026525 0.006941747572815534 0.01592838196286472
1 0.4897226074895977 0.9644562334217507 0.00486130374479889 0.011949602122015915
1 0.3810887656033287 0.9664456233421751 0.0055547850208044385 0.010623342175066313
1 0.5462898751733704 0.7732891246684349 0.009715672676837725 0.02522546419098143
1 0.43314840499306523 0.5482758620689655 0.0055547850208044385 0.010623342175066313
1 0.43834951456310683 0.571498673740053 0.006248266296809986 0.011949602122015915
1 0.5272052704576976 0.651816976127321 0.006248266296809986 0.013275862068965517
1 0.4924965325936199 0.6206233421750663 0.007635228848821082 0.011949602122015915
1 0.48624826629680995 0.6113262599469496 0.006248266296809986 0.014602122015915119
1 0.4810402219140083 0.6265915119363396 0.00832871012482663 0.01592838196286472
1 0.6195214979195562 0.8575862068965517 0.009022191400832177 0.021246684350132626
1 0.5809986130374479 0.8848010610079575 0.00832871012482663 0.014602122015915119
1 0.5278987517337032 0.5343368700265252 0.007635228848821082 0.011949602122015915
1 0.4924965325936199 0.5024668435013263 0.00486130374479889 0.011949602122015915
1 0.4376560332871013 0.7175331564986737 0.00486130374479889 0.011949602122015915
1 0.5563592233009709 0.43941644562334214 0.009022191400832177 0.013275862068965517
1 0.6715880721220526 0.871525198938992 0.006248266296809986 0.014602122015915119
1 0.6025173370319001 0.9451989389920423 0.015270457697642164 0.02389920424403183
1 0.48173370319001385 0.5509283819628646 0.0055547850208044385 0.010623342175066313
1 0.4813869625520111 0.8104509283819629 0.006248266296809986 0.011949602122015915
1 0.5872468793342579 0.6007029177718833 0.011109570041608877 0.02522546419098143
1 0.6334049930651873 0.47724137931034477 0.006248266296809986 0.011949602122015915
1 0.6445145631067961 0.6777055702917772 0.006248266296809986 0.014602122015915119
1 0.5928016643550624 0.5496021220159151 0.0055547850208044385 0.010623342175066313
1 0.5615603328710125 0.8867904509283819 0.006941747572815534 0.013275862068965517
1 0.6917128987517337 0.5774801061007958 0.006248266296809986 0.01592838196286472
1 0.6701941747572815 0.639867374005305 0.007635228848821082 0.013275862068965517
1 0.7854230235783634 0.5748143236074271 0.009022191400832177 0.01592838196286472
1 0.7278085991678225 0.9286074270557029 0.006248266296809986 0.014602122015915119
1 0.6941470180305132 0.613315649867374 0.0041678224687933425 0.010623342175066313
1 0.6844244105409154 0.4626392572944297 0.006941747572815534 0.014602122015915119
1 0.6778294036061026 0.4566710875331565 0.006248266296809986 0.010623342175066313
1 0.6969209431345353 0.4042307692307693 0.0055547850208044385 0.014602122015915119
1 0.6892857142857143 0.39892572944297083 0.0041678224687933425 0.009297082228116711
1 0.7246879334257975 0.42281167108753315 0.0055547850208044385 0.014602122015915119
1 0.7670319001386963 0.5509283819628646 0.012496532593619972 0.02389920424403183
1 0.7350970873786408 0.41684350132625997 0.0055547850208044385 0.010623342175066313
1 0.7416920943134535 0.761339522546419 0.006248266296809986 0.011949602122015915
1 0.7448196948682385 0.815106100795756 0.0055547850208044385 0.010623342175066313
1 0.8111095700416088 0.8409946949602122 0.007635228848821082 0.014602122015915119
1 0.7219140083217753 0.6206233421750663 0.0055547850208044385 0.009297082228116711
1 0.8354022191400833 0.6020291777188329 0.006248266296809986 0.014602122015915119
1 0.8531067961165049 0.6777055702917772 0.013883495145631067 0.03053050397877984
1 0.8624757281553398 0.8257294429708223 0.007635228848821082 0.018580901856763924
1 0.8392233009708738 0.898076923076923 0.00832871012482663 0.017254641909814322
1 0.8864216366158114 0.931259946949602 0.006941747572815534 0.014602122015915119
1 0.9867267683772537 0.8602387267904509 0.011803051317614425 0.034509283819628644
1 0.904126213592233 0.8741777188328912 0.006248266296809986 0.011949602122015915
1 0.8753190013869626 0.7991777188328913 0.0055547850208044385 0.010623342175066313
1 0.990894590846047 0.9598010610079576 0.006248266296809986 0.01592838196286472
1 0.9973578363384189 0.8509416445623342 0.00529126213592233 0.013275862068965517
1 0.9173092926490984 0.6199602122015915 0.006248266296809986 0.013275862068965517
1 0.8541470180305132 0.45799734748010607 0.010409153952843274 0.021246684350132626
1 0.8836477115117892 0.4493633952254642 0.00832871012482663 0.014602122015915119
1 0.8180513176144245 0.7055835543766578 0.006248266296809986 0.011949602122015915
1 0.9763176144244105 0.17257294429708223 0.007635228848821082 0.018580901856763924
1 0.8843411927877948 0.21705570291777188 0.0055547850208044385 0.014602122015915119
1 0.9232108183079056 0.3172811671087533 0.006941747572815534 0.01592838196286472
1 0.8937101248266297 0.36639257294429706 0.010409153952843274 0.018580901856763924
1 0.8413037447988905 0.16660477453580902 0.0055547850208044385 0.014602122015915119
1 0.8944036061026353 0.05310344827586207 0.007635228848821082 0.013275862068965517
1 0.7788280166435506 0.12545092838196287 0.009715672676837725 0.017254641909814322
1 0.7101109570041609 0.16129973474801063 0.006941747572815534 0.014602122015915119
1 0.7632108183079056 0.16726790450928383 0.006248266296809986 0.010623342175066313
1 0.7587031900138695 0.027877984084880635 0.0055547850208044385 0.010623342175066313
1 0.731629680998613 0.11151193633952254 0.0055547850208044385 0.010623342175066313
1 0.5646879334257975 0.07899204244031831 0.006248266296809986 0.011949602122015915
1 0.6014771151178918 0.0816445623342175 0.00486130374479889 0.011949602122015915
1 0.6195214979195562 0.0756631299734748 0.00486130374479889 0.010623342175066313
1 0.5410887656033287 0.12810344827586206 0.007635228848821082 0.011949602122015915
1 0.5525381414701803 0.20510610079575597 0.0055547850208044385 0.011949602122015915
1 0.5251178918169209 0.3106366047745358 0.009022191400832177 0.018580901856763924
1 0.4466851595006935 0.33320954907161804 0.006248266296809986 0.013275862068965517
1 0.5004785020804439 0.2781167108753316 0.0055547850208044385 0.009297082228116711
1 0.5403883495145632 0.20908488063660477 0.006248266296809986 0.014602122015915119
1 0.6250762829403607 0.37171087533156494 0.006248266296809986 0.013275862068965517
1 0.3880235783633842 0.41286472148541115 0.00832871012482663 0.021246684350132626
1 0.7163592233009709 0.5144164456233422 0.00832871012482663 0.014602122015915119
1 0.7233009708737864 0.7712997347480105 0.0055547850208044385 0.010623342175066313
1 0.6129264909847434 0.6982758620689655 0.0041678224687933425 0.007970822281167108
1 0.32902219140083216 0.348474801061008 0.009715672676837725 0.019907161803713526
1 0.450499306518724 0.12611405835543768 0.012496532593619972 0.021246684350132626
1 0.3953120665742025 0.07766578249336871 0.006248266296809986 0.014602122015915119
1 0.27974341192787794 0.10753315649867373 0.0055547850208044385 0.010623342175066313
1 0.26794036061026355 0.19978779840848804 0.0055547850208044385 0.009297082228116711
1 0.40607489597780855 0.2402785145888594 0.0055547850208044385 0.010623342175066313
1 0.4171844660194175 0.18452254641909813 0.00832871012482663 0.018580901856763924
1 0.04026352288488211 0.03850132625994695 0.009715672676837725 0.021246684350132626
1 0.0322746185852982 0.29271883289124667 0.006248266296809986 0.011949602122015915
1 0.24642163661581135 0.25620689655172413 0.009715672676837725 0.02389920424403183
1 0.3036893203883495 0.39826259946949605 0.00486130374479889 0.010623342175066313
1 0.03609570041608876 0.4779045092838196 0.0055547850208044385 0.013275862068965517
1 0.11974341192787794 0.0803183023872679 0.006248266296809986 0.011949602122015915
1 0.4421705963938974 0.007970822281167108 0.0055547850208044385 0.010623342175066313