0 0.9453808180535965 0.28726174496644297 0.019456981664315937 0.029865771812080538
1 0.6717771509167842 0.37863087248322147 0.016946403385049366 0.023892617449664432
1 0.9976375176304655 0.06210738255033557 0.004724964739069111 0.014335570469798657
1 0.9805289139633288 0.05076510067114094 0.006904090267983074 0.010751677852348993
1 0.941932299012694 0.1499060402684564 0.006276445698166432 0.010751677852348993
1 0.9610719322990127 0.08539597315436241 0.005648801128349788 0.013140939597315436
1 0.9563681241184768 0.08539597315436241 0.005021156558533146 0.01553020134228188
1 0.9174612129760226 0.09614765100671141 0.006276445698166432 0.01553020134228188
1 0.9180888575458391 0.06569127516778524 0.006276445698166432 0.014335570469798657
1 0.9209097320169252 0.049570469798657715 0.006904090267983074 0.013140939597315436
1 0.9055359661495063 0.18453691275167783 0.007531734837799718 0.013140939597315436
1 0.9337729196050775 0.24485906040268454 0.006276445698166432 0.011946308724832216
1 0.9707968970380817 0.4305906040268457 0.006276445698166432 0.01553020134228188
1 0.8474894217207334 0.2968187919463087 0.006904090267983074 0.017919463087248323
1 0.8791819464033851 0.33981208053691275 0.006276445698166432 0.013140939597315436
1 0.8195627644569817 0.4120805369127517 0.006276445698166432 0.011946308724832216
1 0.9086741889985895 0.4132751677852349 0.015063469675599435 0.019114093959731543
1 0.9049083215796898 0.39116778523489937 0.007531734837799718 0.01553020134228188
1 0.9896262341325811 0.5506308724832215 0.006276445698166432 0.014335570469798657
1 0.9265585331452749 0.5339060402684563 0.005648801128349788 0.014335570469798657
1 0.9231029619181946 0.5088187919463087 0.006276445698166432 0.011946308724832216
1 0.9049083215796898 0.48433557046979864 0.013808180535966148 0.020308724832214766
1 0.7841043723554301 0.39236241610738254 0.006904090267983074 0.010751677852348993
1 0.765592383638928 0.4180536912751678 0.007531734837799718 0.011946308724832216
1 0.8490550070521862 0.21021476510067116 0.007531734837799718 0.014335570469798657
1 0.8619181946403386 0.21499328859060401 0.013180535966149508 0.023892617449664432
1 0.818935119887165 0.09375838926174496 0.006276445698166432 0.01553020134228188
1 0.8584696755994358 0.1176510067114094 0.006276445698166432 0.010751677852348993
1 0.8205007052186178 0.03284563758389262 0.005648801128349788 0.010751677852348993
1 0.8107757404795487 0.1284026845637584 0.006276445698166432 0.010751677852348993
1 0.8016784203102961 0.22693959731543623 0.008159379407616362 0.011946308724832216
1 0.7602609308885754 0.13915436241610737 0.006904090267983074 0.01553020134228188
1 0.7301410437235543 0.025087248322147652 0.005648801128349788 0.011946308724832216
1 0.7091184767277856 0.07704697986577182 0.007531734837799718 0.013140939597315436
1 0.7533568406205924 0.21260402684563756 0.009414668547249648 0.014335570469798657
1 0.762454160789845 0.2699463087248322 0.007531734837799718 0.011946308724832216
1 0.7282581100141045 0.1887248322147651 0.006904090267983074 0.014335570469798657
1 0.700641748942172 0.1749798657718121 0.006904090267983074 0.013140939597315436
1 0.6491889985895627 0.24544966442953023 0.006904090267983074 0.01553020134228188
1 0.6554654442877292 0.13018791946308725 0.005648801128349788 0.014335570469798657
1 0.7897531734837799 0.32010738255033555 0.005648801128349788 0.009557046979865771
1 0.6441678420310296 0.05315436241610738 0.005648801128349788 0.010751677852348993
1 0.6680112834978843 0.011946308724832216 0.005648801128349788 0.011946308724832216
1 0.6200070521861777 0.10809395973154362 0.006276445698166432 0.010751677852348993
1 0.6476163610719323 0.11586577181208053 0.005021156558533146 0.011946308724832216
1 0.6228279266572637 0.16183892617449663 0.006904090267983074 0.013140939597315436
1 0.635691114245416 0.18633557046979865 0.005021156558533146 0.009557046979865771
1 0.58925952045134 0.24366442953020134 0.006276445698166432 0.011946308724832216
1 0.5619605077574048 0.3063758389261745 0.006904090267983074 0.013140939597315436
1 0.5792172073342736 0.3422013422818792 0.007531734837799718 0.013140939597315436
1 0.5654090267983075 0.3416107382550336 0.005021156558533146 0.011946308724832216
1 0.5352891396332863 0.29323489932885904 0.007531734837799718 0.013140939597315436
1 0.5167771509167842 0.31233557046979865 0.005648801128349788 0.010751677852348993
1 0.5145768688293371 0.4007248322147651 0.006276445698166432 0.010751677852348993
1 0.5399929478138223 0.10809395973154362 0.006904090267983074 0.017919463087248323
1 0.9394217207334273 0.1642281879194631 0.007531734837799718 0.010751677852348993
1 0.6981311706629055 0.37265771812080534 0.006904090267983074 0.014335570469798657
1 0.6902891396332863 0.40430872483221475 0.006276445698166432 0.01553020134228188
1 0.6840126939351199 0.45865771812080536 0.008787023977433004 0.011946308724832216
1 0.6714668547249647 0.5661610738255034 0.006276445698166432 0.016724832214765104
1 0.6557757404795487 0.5255436241610738 0.005021156558533146 0.014335570469798657
1 0.7759520451339915 0.569744966442953 0.005648801128349788 0.014335570469798657
1 0.8126586741889985 0.612738255033557 0.006276445698166432 0.011946308724832216
1 0.5939633286318758 0.4652348993288591 0.006904090267983074 0.010751677852348993
1 0.5880042313117066 0.46224161073825504 0.007531734837799718 0.014335570469798657
1 0.5010860366713681 0.22993288590604027 0.006904090267983074 0.010751677852348993
1 0.47378702397743305 0.2914362416107383 0.007531734837799718 0.014335570469798657
1 0.5202256699576868 0.08838926174496643 0.008787023977433004 0.016724832214765104
1 0.5280747531734837 0.01553020134228188 0.006904090267983074 0.011946308724832216
1 0.4637517630465444 0.028671140939597314 0.006276445698166432 0.014335570469798657
1 0.4838293370944993 0.12063087248322148 0.007531734837799718 0.014335570469798657
1 0.5010860366713681 0.10391946308724832 0.009414668547249648 0.016724832214765104
1 0.462179125528914 0.1642281879194631 0.005648801128349788 0.01553020134228188
1 0.4687729196050776 0.12540939597315437 0.007531734837799718 0.016724832214765104
1 0.431114245416079 0.060322147651006706 0.006276445698166432 0.013140939597315436
1 0.6121650211565585 0.5303221476510067 0.006904090267983074 0.014335570469798657
1 0.5726304654442878 0.5625771812080537 0.006904090267983074 0.009557046979865771
1 0.6924894217207335 0.620510067114094 0.006904090267983074 0.010751677852348993
1 0.6378913963328632 0.6658926174496644 0.005648801128349788 0.013140939597315436
1 0.6083991537376587 0.687986577181208 0.006904090267983074 0.011946308724832216
1 0.5817277856135402 0.6796241610738255 0.007531734837799718 0.009557046979865771
1 0.5876868829337095 0.7297986577181209 0.006904090267983074 0.009557046979865771
1 0.6297320169252468 0.7488993288590603 0.006904090267983074 0.014335570469798657
1 0.580472496473907 0.7560671140939597 0.005021156558533146 0.011946308724832216
1 0.933145275035261 0.6133422818791946 0.007531734837799718 0.01553020134228188
1 0.9554231311706629 0.6461879194630873 0.005648801128349788 0.016724832214765104
1 0.9538575458392101 0.6754496644295301 0.006276445698166432 0.013140939597315436
1 0.9654654442877292 0.7023221476510068 0.006904090267983074 0.014335570469798657
1 0.9309520451339914 0.749503355704698 0.006904090267983074 0.01553020134228188
1 0.9676586741889986 0.7477046979865771 0.006276445698166432 0.014335570469798657
1 0.9883709449929478 0.7190469798657719 0.007531734837799718 0.009557046979865771
1 0.9770733427362482 0.7226308724832214 0.006276445698166432 0.011946308724832216
1 0.9387940761636108 0.8026577181208054 0.011297602256699577 0.023892617449664432
1 0.9422496473906911 0.8343087248322147 0.009414668547249648 0.01553020134228188
1 0.9158885754583921 0.8343087248322147 0.006904090267983074 0.01553020134228188
1 0.9582510578279266 0.8552080536912752 0.006276445698166432 0.014335570469798657
1 0.9814668547249648 0.8480402684563758 0.007531734837799718 0.011946308724832216
1 0.9262411847672779 0.8904429530201342 0.010042313117066291 0.017919463087248323
1 0.8967489421720732 0.8289261744966442 0.008787023977433004 0.014335570469798657
1 0.969231311706629 0.8791006711409395 0.008159379407616362 0.016724832214765104
1 0.9434978843441467 0.9005906040268458 0.008159379407616362 0.016724832214765104
1 0.9494640338504936 0.9173154362416107 0.007531734837799718 0.011946308724832216
1 0.9463258110014106 0.9782281879194631 0.006276445698166432 0.014335570469798657
1 0.8983215796897037 0.9077583892617449 0.008159379407616362 0.011946308724832216
1 0.8848236953455572 0.8993959731543624 0.008787023977433004 0.011946308724832216
1 0.8923554301833567 0.9812214765100671 0.006276445698166432 0.013140939597315436
1 0.8380747531734839 0.9340402684563759 0.006904090267983074 0.014335570469798657
1 0.8741607898448519 0.9895838926174497 0.006276445698166432 0.01553020134228188
1 0.8537658674188999 0.8480402684563758 0.006904090267983074 0.014335570469798657
1 0.8336812411847674 0.8372885906040268 0.006904090267983074 0.014335570469798657
1 0.8230112834978843 0.8337046979865772 0.009414668547249648 0.016724832214765104
1 0.8327433004231312 0.7668187919463086 0.007531734837799718 0.016724832214765104
1 0.7976022566995769 0.7698120805369127 0.008787023977433004 0.013140939597315436
1 0.7872425952045133 0.8211677852348993 0.006904090267983074 0.013140939597315436
1 0.7869322990126939 0.8348993288590604 0.008787023977433004 0.014335570469798657
1 0.8983215796897037 0.6611140939597315 0.008159379407616362 0.013140939597315436
1 0.8863963328631876 0.6461879194630873 0.02070521861777151 0.02628187919463087
1 0.8521932299012694 0.6372214765100671 0.006276445698166432 0.013140939597315436
1 0.8848236953455572 0.6814228187919463 0.007531734837799718 0.013140939597315436
1 0.852820874471086 0.6826174496644295 0.007531734837799718 0.013140939597315436
1 0.8537658674188999 0.7142684563758389 0.010669957686882935 0.016724832214765104
1 0.8785543018335684 0.7136644295302013 0.006276445698166432 0.010751677852348993
1 0.8820028208744711 0.7303892617449664 0.010669957686882935 0.01553020134228188
1 0.9375387870239775 0.7232214765100671 0.006276445698166432 0.013140939597315436
1 0.7900705218617771 0.642 0.007531734837799718 0.01553020134228188
1 0.829605077574048 0.6414093959731544 0.006276445698166432 0.011946308724832216
1 0.8267771509167842 0.6318523489932886 0.006904090267983074 0.011946308724832216
1 0.8132863187588152 0.6461879194630873 0.007531734837799718 0.016724832214765104
1 0.8007334273624824 0.6545503355704698 0.013808180535966148 0.019114093959731543
1 0.8154866008462622 0.6951543624161074 0.008159379407616362 0.011946308724832216
1 0.8179971791255289 0.6855973154362416 0.008159379407616362 0.014335570469798657
1 0.7687306064880113 0.6963489932885906 0.007531734837799718 0.014335570469798657
1 0.7398660084626235 0.6700671140939597 0.006276445698166432 0.014335570469798657
1 0.7301410437235543 0.7076912751677853 0.008159379407616362 0.01553020134228188
1 0.7825387870239775 0.7106845637583893 0.006276445698166432 0.011946308724832216
1 0.7790902679830748 0.7518926174496644 0.005648801128349788 0.013140939597315436
1 0.7687306064880113 0.7447248322147652 0.006276445698166432 0.01553020134228188
1 0.7448871650211566 0.6867919463087249 0.005021156558533146 0.009557046979865771
1 0.731706629055007 0.7787651006711409 0.008787023977433004 0.011946308724832216
1 0.7100564174894217 0.7972751677852349 0.009414668547249648 0.017919463087248323
1 0.728885754583921 0.8044429530201341 0.006904090267983074 0.013140939597315436
1 0.6736600846262342 0.7674228187919463 0.009414668547249648 0.020308724832214766
1 0.6469887165021156 0.7936912751677851 0.007531734837799718 0.013140939597315436
1 0.6771086036671368 0.8050469798657718 0.010042313117066291 0.019114093959731543
1 0.6943723554301834 0.8205637583892618 0.009414668547249648 0.021503355704697986
1 0.7731241184767278 0.9328456375838926 0.008787023977433004 0.011946308724832216
1 0.7724964739069112 0.9591275167785235 0.006276445698166432 0.009557046979865771
1 0.7370451339915375 0.9585234899328859 0.019456981664315937 0.04179865771812081
1 0.706607898448519 0.8934362416107383 0.006276445698166432 0.011946308724832216
1 0.7003314527503527 0.8964161073825504 0.007531734837799718 0.013140939597315436
1 0.7119393511988716 0.9501610738255034 0.008159379407616362 0.013140939597315436
1 0.6244005641748942 0.8808859060402684 0.008787023977433004 0.013140939597315436
1 0.6099647390691114 0.8587919463087248 0.015063469675599435 0.03106040268456376
1 0.5952186177715092 0.8426711409395973 0.008159379407616362 0.013140939597315436
1 0.6871509167842031 0.9883892617449664 0.008787023977433004 0.020308724832214766
1 0.6545204513399154 0.9752483221476509 0.006276445698166432 0.01553020134228188
1 0.5936530324400564 0.9394093959731544 0.006276445698166432 0.01553020134228188
1 0.5663540197461213 0.8337046979865772 0.006904090267983074 0.016724832214765104
1 0.5484696755994358 0.8163892617449665 0.007531734837799718 0.013140939597315436
1 0.5258744710860367 0.795489932885906 0.006276445698166432 0.014335570469798657
1 0.5478420310296193 0.5822818791946309 0.007531734837799718 0.013140939597315436
1 0.5355994358251058 0.682013422818792 0.006904090267983074 0.014335570469798657
1 0.556311706629055 0.6551409395973155 0.006904090267983074 0.01553020134228188
1 0.5541114245416079 0.6414093959731544 0.007531734837799718 0.011946308724832216
1 0.5509802538787024 0.9346442953020133 0.007531734837799718 0.01553020134228188
1 0.5553667136812411 0.6133422818791946 0.006276445698166432 0.010751677852348993
1 0.5472143864598026 0.6384161073825504 0.006276445698166432 0.01553020134228188
1 0.5450141043723554 0.6533557046979865 0.006904090267983074 0.014335570469798657
1 0.4907334273624824 0.5942281879194631 0.006276445698166432 0.013140939597315436
1 0.5268194640338505 0.7303892617449664 0.009414668547249648 0.013140939597315436
1 0.5186600846262341 0.7309932885906041 0.008159379407616362 0.011946308724832216
1 0.5035966149506347 0.6963489932885906 0.005648801128349788 0.014335570469798657
1 0.46782792665726375 0.623489932885906 0.006904090267983074 0.014335570469798657
1 0.4762976022566996 0.623489932885906 0.011297602256699577 0.028671140939597314
1 0.32004231311706627 0.48433557046979864 0.007531734837799718 0.013140939597315436
1 0.49418194640338503 0.7226308724832214 0.006904090267983074 0.011946308724832216
1 0.4910507757404795 0.738751677852349 0.004393511988716502 0.008362416107382552
1 0.5014033850493653 0.7722013422818792 0.006276445698166432 0.010751677852348993
1 0.48038081805359656 0.7614496644295302 0.004393511988716502 0.008362416107382552
1 0.4772425952045134 0.7829395973154362 0.006904090267983074 0.010751677852348993
1 0.4772425952045134 0.8253422818791947 0.006904090267983074 0.009557046979865771
1 0.5086177715091679 0.8713288590604027 0.005648801128349788 0.010751677852348993
1 0.5130112834978844 0.8564026845637583 0.006904090267983074 0.011946308724832216
1 0.4979478138222849 0.9113422818791946 0.006904090267983074 0.014335570469798657
1 0.48257404795486597 0.9304563758389263 0.006276445698166432 0.014335570469798657
1 0.4527644569816643 0.9274765100671142 0.006904090267983074 0.013140939597315436
1 0.445867418899859 0.9728590604026846 0.006904090267983074 0.013140939597315436
1 0.49449929478138227 0.9938926174496645 0.006276445698166432 0.01221476510067114
1 0.48038081805359656 0.9692751677852349 0.005648801128349788 0.013140939597315436
1 0.4766149506346968 0.9818120805369128 0.013180535966149508 0.019114093959731543
1 0.5374823695345557 0.9853959731543624 0.005648801128349788 0.009557046979865771
1 0.5763892806770099 0.9950872483221477 0.006904090267983074 0.009825503355704698
1 0.4348801128349788 0.8635704697986577 0.008787023977433004 0.011946308724832216
1 0.43174188998589563 0.8116107382550335 0.007531734837799718 0.02747651006711409
1 0.5512905500705219 0.9603221476510068 0.008159379407616362 0.016724832214765104
1 0.41950634696755995 0.7763758389261745 0.006904090267983074 0.014335570469798657
1 0.4141748942172073 0.7805503355704698 0.007531734837799718 0.01553020134228188
1 0.42170662905500705 0.8456510067114094 0.007531734837799718 0.014335570469798657
1 0.4116643159379408 0.8749127516778523 0.007531734837799718 0.013140939597315436
1 0.38311001410437234 0.7931006711409396 0.008159379407616362 0.016724832214765104
1 0.3881311706629055 0.8904429530201342 0.005648801128349788 0.013140939597315436
1 0.37338504936530326 0.889248322147651 0.006276445698166432 0.013140939597315436
1 0.34985190409026795 0.9137315436241611 0.005648801128349788 0.014335570469798657
1 0.33824400564174895 0.8205637583892618 0.006276445698166432 0.014335570469798657
1 0.3432651622002821 0.857006711409396 0.007531734837799718 0.01553020134228188
1 0.3297672778561354 0.873718120805369 0.006904090267983074 0.013140939597315436
1 0.3256911142454161 0.8498389261744966 0.008787023977433004 0.013140939597315436
1 0.2927433004231312 0.8122147651006711 0.006904090267983074 0.011946308724832216
1 0.28741184767277855 0.8366979865771812 0.007531734837799718 0.013140939597315436
1 0.2805077574047955 0.8695436241610738 0.007531734837799718 0.014335570469798657
1 0.2974541607898449 0.8958255033557047 0.006276445698166432 0.014335570469798657
1 0.30655148095909734 0.9274765100671142 0.008159379407616362 0.013140939597315436
1 0.26764456981664314 0.9573288590604028 0.01192524682651622 0.01553020134228188
1 0.2645063469675599 0.8773020134228189 0.005648801128349788 0.010751677852348993
1 0.2522708039492243 0.8582013422818792 0.007531734837799718 0.013140939597315436
1 0.24505641748942172 0.849234899328859 0.008159379407616362 0.011946308724832216
1 0.24505641748942172 0.8677449664429531 0.006904090267983074 0.017919463087248323
1 0.22246121297602256 0.86296644295302 0.008159379407616362 0.01553020134228188
1 0.2143018335684062 0.8558120805369128 0.008159379407616362 0.017919463087248323
1 0.21461918194640336 0.8982013422818792 0.006276445698166432 0.014335570469798657
1 0.237524682651622 0.8946308724832215 0.006904090267983074 0.011946308724832216
1 0.2362693935119887 0.9083624161073826 0.005648801128349788 0.013140939597315436
1 0.3862482369534556 0.9680805369127518 0.005648801128349788 0.013140939597315436
1 0.3191043723554302 0.7112751677852349 0.014435825105782792 0.020308724832214766
1 0.32066995768688294 0.7506979865771812 0.007531734837799718 0.017919463087248323
1 0.31722143864598024 0.7638389261744966 0.008159379407616362 0.013140939597315436
1 0.2943159379407616 0.7471140939597316 0.006276445698166432 0.01553020134228188
1 0.284901269393512 0.7286040268456375 0.006276445698166432 0.014335570469798657
1 0.2805077574047955 0.7238255033557047 0.006276445698166432 0.014335570469798657
1 0.26952750352609306 0.7130738255033557 0.006904090267983074 0.011946308724832216
1 0.25509167842031033 0.6975436241610737 0.008159379407616362 0.011946308724832216
1 0.25007052186177714 0.7118791946308725 0.008159379407616362 0.021503355704697986
1 0.24348377997179124 0.7232214765100671 0.007531734837799718 0.01553020134228188
1 0.22622708039492245 0.7166577181208054 0.006904090267983074 0.016724832214765104
1 0.2632510578279267 0.6246845637583892 0.006904090267983074 0.016724832214765104
1 0.25007052186177714 0.6473825503355705 0.010669957686882935 0.019114093959731543
1 0.24129055007052186 0.6784295302013423 0.008159379407616362 0.014335570469798657
1 0.21901269393511988 0.7704026845637585 0.007531734837799718 0.014335570469798657
1 0.2042665726375176 0.7757852348993289 0.008159379407616362 0.013140939597315436
1 0.3759802538787024 0.5840805369127516 0.006276445698166432 0.016724832214765104
1 0.41551480959097326 0.6121476510067114 0.007531734837799718 0.017919463087248323
1 0.45881523272214386 0.6581342281879194 0.006276445698166432 0.014335570469798657
1 0.44752468265162204 0.6617181208053692 0.007531734837799718 0.014335570469798657
1 0.4195980253878702 0.6652885906040268 0.006904090267983074 0.014335570469798657
1 0.41928067700987304 0.7124697986577181 0.005021156558533146 0.010751677852348993
1 0.4142595204513399 0.698738255033557 0.007531734837799718 0.014335570469798657
1 0.376607898448519 0.6390201342281879 0.007531734837799718 0.011946308724832216
1 0.35935119887165023 0.6330469798657719 0.005648801128349788 0.014335570469798657
1 0.34523272214386463 0.6605234899328859 0.007531734837799718 0.014335570469798657
1 0.2824823695345557 0.491503355704698 0.007531734837799718 0.017919463087248323
1 0.2815373765867419 0.5512214765100671 0.008159379407616362 0.010751677852348993
1 0.33488011283497887 0.5852751677852349 0.004393511988716502 0.009557046979865771
1 0.3637447108603667 0.5374899328859061 0.01192524682651622 0.021503355704697986
1 0.21376586741889986 0.5577986577181208 0.008159379407616362 0.014335570469798657
1 0.19870239774330042 0.5631677852348993 0.008159379407616362 0.01553020134228188
1 0.16952045133991536 0.6832080536912751 0.007531734837799718 0.014335570469798657
1 0.1783074753173484 0.7399463087248322 0.007531734837799718 0.013140939597315436
1 0.1736036671368124 0.7853288590604027 0.005648801128349788 0.01553020134228188
1 0.18646685472496477 0.827731543624161 0.007531734837799718 0.014335570469798657
1 0.17391396332863188 0.8564026845637583 0.006276445698166432 0.014335570469798657
1 0.20153032440056418 0.921503355704698 0.007531734837799718 0.013140939597315436
1 0.15226375176304655 0.9316510067114094 0.008159379407616362 0.011946308724832216
1 0.1541466854724965 0.9752483221476509 0.005648801128349788 0.01553020134228188
1 0.18113540197461214 0.9931677852348992 0.006904090267983074 0.013140939597315436
1 0.1659802538787024 0.7447248322147652 0.009414668547249648 0.017919463087248323
1 0.13899858956276445 0.754281879194631 0.01192524682651622 0.020308724832214766
1 0.12017630465444287 0.806241610738255 0.009414668547249648 0.011946308724832216
1 0.11044428772919607 0.8271409395973155 0.007531734837799718 0.017919463087248323
1 0.12330747531734837 0.864765100671141 0.008159379407616362 0.011946308724832216
1 0.13366713681241185 0.8802953020134229 0.006276445698166432 0.014335570469798657
1 0.12456276445698167 0.9143355704697986 0.008159379407616362 0.010751677852348993
1 0.129901269393512 0.945986577181208 0.006276445698166432 0.011946308724832216
1 0.11892101551480959 0.9352348993288591 0.009414668547249648 0.016724832214765104
1 0.06808885754583921 0.910751677852349 0.006904090267983074 0.013140939597315436
1 0.1032299012693935 0.9424026845637584 0.006904090267983074 0.009557046979865771
1 0.1032299012693935 0.9639060402684564 0.006904090267983074 0.011946308724832216
1 0.09255994358251057 0.9734630872483222 0.005648801128349788 0.011946308724832216
1 0.056791255289139635 0.9651006711409396 0.006904090267983074 0.014335570469798657
1 0.07969675599435826 0.8151946308724833 0.007531734837799718 0.010751677852348993
1 0.07122708039492243 0.821758389261745 0.009414668547249648 0.021503355704697986
1 0.04643864598025387 0.849234899328859 0.007531734837799718 0.014335570469798657
1 0.0417277856135402 0.8677449664429531 0.006904090267983074 0.01553020134228188
1 0.032947813822284906 0.878496644295302 0.006904090267983074 0.013140939597315436
1 0.010042313117066291 0.8671543624161073 0.007531734837799718 0.011946308724832216
1 0.0342031029619182 0.9197046979865772 0.006904090267983074 0.011946308724832216
1 0.008469675599435825 0.9149261744966443 0.008159379407616362 0.011946308724832216
1 0.0385966149506347 0.9716644295302014 0.009414668547249648 0.017919463087248323
1 0.06997179125528914 0.9877852348993288 0.006904090267983074 0.009557046979865771
1 0.09255994358251057 0.9962818791946308 0.005648801128349788 0.007436241610738255
1 0.1098166431593794 0.749503355704698 0.006276445698166432 0.010751677852348993
1 0.0385966149506347 0.6497718120805369 0.008159379407616362 0.009557046979865771
1 0.022905500705218615 0.6521610738255034 0.005648801128349788 0.014335570469798657
1 0.03671368124118477 0.7071006711409396 0.005648801128349788 0.014335570469798657
1 0.011607898448519042 0.6808187919463087 0.006904090267983074 0.014335570469798657
1 0.005021156558533146 0.7071006711409396 0.006276445698166432 0.016724832214765104
1 0.009097320169252469 0.7566711409395973 0.008159379407616362 0.013140939597315436
1 0.007842031029619181 0.7978791946308724 0.008159379407616362 0.014335570469798657
1 0.019456981664315937 0.8134093959731544 0.008787023977433004 0.011946308724832216
1 0.017884344146685473 0.8223624161073825 0.006904090267983074 0.010751677852348993
1 0.07718617771509168 0.7512885906040269 0.007531734837799718 0.011946308724832216
1 0.11013399153737657 0.7059060402684564 0.006904090267983074 0.009557046979865771
1 0.13711565585331453 0.7351677852348993 0.006904090267983074 0.013140939597315436
1 0.14464739069111426 0.7041073825503354 0.005648801128349788 0.01553020134228188
1 0.13272214386459802 0.7220268456375839 0.006904090267983074 0.013140939597315436
1 0.14401974612129761 0.6724563758389261 0.008159379407616362 0.014335570469798657
1 0.14182651622002823 0.6503624161073825 0.007531734837799718 0.010751677852348993
1 0.13115655853314526 0.6658926174496644 0.007531734837799718 0.01553020134228188
1 0.09946403385049364 0.674255033557047 0.006904090267983074 0.010751677852348993
1 0.08471791255289139 0.6915704697986578 0.006276445698166432 0.011946308724832216
1 0.06902679830747531 0.6706711409395972 0.006276445698166432 0.010751677852348993
1 0.08377291960507757 0.6276644295302014 0.006904090267983074 0.013140939597315436
1 0.06965444287729196 0.6575302013422819 0.008787023977433004 0.013140939597315436
1 0.07090973201692524 0.5942281879194631 0.007531734837799718 0.01553020134228188
1 0.10574047954866009 0.5763087248322148 0.006904090267983074 0.013140939597315436
1 0.15594499294781383 0.577503355704698 0.006904090267983074 0.017919463087248323
1 0.14370239774330043 0.5661610738255034 0.007531734837799718 0.016724832214765104
1 0.14119887165021155 0.5840805369127516 0.007531734837799718 0.014335570469798657
1 0.034513399153737655 0.5291275167785234 0.007531734837799718 0.014335570469798657
1 0.07279266572637517 0.4801610738255034 0.007531734837799718 0.011946308724832216
1 0.15343441466854724 0.4592617449664429 0.005648801128349788 0.013140939597315436
1 0.055225669957686886 0.4652348993288591 0.006276445698166432 0.013140939597315436
1 0.03325811001410437 0.42163758389261746 0.007531734837799718 0.014335570469798657
1 0.21399153737658674 0.4138657718120805 0.006276445698166432 0.013140939597315436
1 0.22811001410437234 0.3768456375838926 0.008159379407616362 0.013140939597315436
1 0.20050070521861776 0.39116778523489937 0.006904090267983074 0.010751677852348993
1 0.211163610719323 0.37087248322147653 0.008159379407616362 0.020308724832214766
1 0.25571932299012695 0.34041610738255035 0.005648801128349788 0.014335570469798657
1 0.28834978843441467 0.36489932885906046 0.005648801128349788 0.01553020134228188
1 0.24254583921015516 0.30218791946308726 0.006904090267983074 0.014335570469798657
1 0.2365796897038082 0.3338389261744967 0.007531734837799718 0.013140939597315436
1 0.1342947813822285 0.3296644295302013 0.007531734837799718 0.014335570469798657
1 0.15155148095909732 0.2800939597315436 0.006904090267983074 0.013140939597315436
1 0.16974612129760225 0.24544966442953023 0.006904090267983074 0.01553020134228188
1 0.19861777150916785 0.2884563758389262 0.006904090267983074 0.017919463087248323
1 0.20677009873060648 0.2532214765100671 0.008159379407616362 0.011946308724832216
1 0.23909026798307473 0.24246979865771812 0.006276445698166432 0.011946308724832216
1 0.21304654442877294 0.23171812080536913 0.005648801128349788 0.011946308724832216
1 0.18229901269393511 0.22037583892617452 0.005648801128349788 0.01553020134228188
1 0.21524682651622004 0.19170469798657716 0.005021156558533146 0.013140939597315436
1 0.08283497884344146 0.2353020134228188 0.007531734837799718 0.014335570469798657
1 0.06369534555712271 0.22693959731543623 0.005648801128349788 0.014335570469798657
1 0.03734132581100141 0.2382818791946309 0.006904090267983074 0.010751677852348993
1 0.03483074753173484 0.247248322147651 0.006904090267983074 0.011946308724832216
1 0.031375176304654445 0.20663087248322148 0.005021156558533146 0.009557046979865771
1 0.022905500705218615 0.18036241610738254 0.006904090267983074 0.011946308724832216
1 0.01820169252468265 0.20604026845637585 0.010042313117066291 0.01553020134228188
1 0.12895627644569818 0.172 0.008159379407616362 0.011946308724832216
1 0.15782792665726375 0.14393288590604028 0.006904090267983074 0.01553020134228188
1 0.2353244005641749 0.13496644295302013 0.007531734837799718 0.014335570469798657
1 0.2607404795486601 0.09555704697986576 0.006904090267983074 0.014335570469798657
1 0.20175599435825103 0.09914093959731543 0.008159379407616362 0.016724832214765104
1 0.19641748942172071 0.12123489932885906 0.010042313117066291 0.020308724832214766
1 0.31753173483779973 0.1654228187919463 0.007531734837799718 0.013140939597315436
1 0.3122002820874471 0.25859060402684564 0.006904090267983074 0.010751677852348993
1 0.33887165021156557 0.2968187919463087 0.006276445698166432 0.013140939597315436
1 0.37557827926657267 0.23171812080536913 0.006904090267983074 0.014335570469798657
1 0.33541607898448517 0.19170469798657716 0.006904090267983074 0.013140939597315436
1 0.33698871650211565 0.21918120805369126 0.006276445698166432 0.01553020134228188
1 0.327574047954866 0.22276510067114094 0.007531734837799718 0.013140939597315436
1 0.3774612129760226 0.16005369127516778 0.010669957686882935 0.021503355704697986
1 0.38217207334273623 0.11406711409395974 0.006276445698166432 0.020308724832214766
1 0.08095204513399154 0.12899328859060402 0.007531734837799718 0.011946308724832216
1 0.1132722143864598 0.04060402684563758 0.005648801128349788 0.016724832214765104
1 0.025098730606488012 0.0919731543624161 0.007531734837799718 0.014335570469798657
1 0.03483074753173484 0.09136912751677852 0.006904090267983074 0.013140939597315436
1 0.003138222849083216 0.05912751677852349 0.006276445698166432 0.013140939597315436
1 0.3454583921015515 0.04060402684563758 0.006904090267983074 0.014335570469798657
1 0.2365796897038082 0.007167785234899329 0.007531734837799718 0.014335570469798657
1 0.3291396332863188 0.05315436241610738 0.008159379407616362 0.013140939597315436
1 0.24129055007052186 0.08838926174496643 0.004393511988716502 0.009557046979865771
1 0.8349365303244006 0.9956912751677852 0.006904090267983074 0.008630872483221476