1 0.27331043956043954 0.1711849710982659 0.01525412087912088 0.037442196531791906
1 0.24661401098901098 0.20661849710982658 0.02033653846153846 0.04947976878612717
1 0.14618818681318682 0.08559248554913294 0.006353021978021978 0.013367052023121388
1 0.19417582417582419 0.1992630057803468 0.015892857142857143 0.037442196531791906
1 0.07531593406593406 0.22934971098265897 0.014622252747252746 0.030765895953757224
1 0.14968406593406594 0.3029046242774567 0.014622252747252746 0.028078034682080925
1 0.012074175824175823 0.3109248554913295 0.0076304945054945054 0.017384393063583813
1 0.03686813186813187 0.325635838150289 0.013983516483516483 0.025404624277456645
1 0.3025480769230769 0.4774277456647399 0.011442307692307693 0.024075144508670522
1 0.1763804945054945 0.46739884393063585 0.012074175824175823 0.028078034682080925
1 0.17701923076923076 0.6258815028901734 0.006991758241758242 0.021401734104046242
1 0.07054945054945055 0.5891040462427746 0.008901098901098902 0.014710982658959537
1 0.0737293956043956 0.564364161849711 0.0076304945054945054 0.018728323699421966
1 0.09247939560439561 0.7215028901734104 0.006991758241758242 0.017384393063583813
1 0.061339285714285714 0.6445953757225433 0.006991758241758242 0.013367052023121388
1 0.059745879120879114 0.7021098265895954 0.012712912087912089 0.029421965317919074
1 0.24565934065934067 0.5690462427745664 0.005721153846153846 0.012037572254335261
1 0.2710851648351648 0.5850867052023121 0.006991758241758242 0.014710982658959537
1 0.23962225274725274 0.5897687861271677 0.005082417582417583 0.01069364161849711
1 0.1662087912087912 0.7107947976878612 0.010803571428571428 0.02273121387283237
1 0.17956043956043957 0.7535982658959538 0.008262362637362637 0.02273121387283237
1 0.15858516483516483 0.736878612716763 0.009532967032967033 0.018728323699421966
1 0.1649381868131868 0.7796676300578034 0.008262362637362637 0.024075144508670522
1 0.25710164835164834 0.8398554913294797 0.005721153846153846 0.013367052023121388
1 0.3390934065934066 0.8512138728323699 0.009532967032967033 0.020057803468208093
1 0.2628228021978022 0.6680057803468208 0.006991758241758242 0.020057803468208093
1 0.16175824175824177 0.937471098265896 0.009532967032967033 0.021401734104046242
1 0.12585164835164836 0.9881358381502889 0.011442307692307693 0.023742774566473987
1 0.044491758241758245 0.9668930635838151 0.006353021978021978 0.013367052023121388
1 0.01970467032967033 0.987456647398844 0.011442307692307693 0.025072254335260117
1 0.209114010989011 0.9394797687861272 0.008901098901098902 0.020057803468208093
1 0.1938598901098901 0.9742485549132948 0.0076304945054945054 0.017384393063583813
1 0.277760989010989 0.9588728323699421 0.0076304945054945054 0.013367052023121388
1 0.25837225274725273 0.9941473988439307 0.008262362637362637 0.011705202312138728
1 0.3222527472527472 0.888670520231214 0.008901098901098902 0.02273121387283237
1 0.32956043956043957 0.9107369942196532 0.008262362637362637 0.016054913294797687
1 0.2917445054945055 0.6880635838150289 0.008901098901098902 0.014710982658959537
1 0.47607142857142853 0.8211271676300579 0.012712912087912089 0.0267485549132948
1 0.5040315934065934 0.8839884393063584 0.010171703296703296 0.016054913294797687
1 0.4579532967032967 0.9689017341040462 0.010803571428571428 0.025404624277456645
1 0.07690934065934066 0.6907369942196532 0.005082417582417583 0.012037572254335261
1 0.4449244505494505 0.5035115606936417 0.010171703296703296 0.017384393063583813
1 0.47035027472527474 0.5329335260115607 0.010171703296703296 0.02273121387283237
1 0.29460164835164837 0.6385838150289017 0.005721153846153846 0.014710982658959537
1 0.6225755494505495 0.5302601156069364 0.013344780219780219 0.028078034682080925
1 0.5733173076923077 0.6125 0.0076304945054945054 0.013367052023121388
1 0.5955631868131868 0.6673265895953757 0.008901098901098902 0.018728323699421966
1 0.6133585164835165 0.7194942196531792 0.0076304945054945054 0.016054913294797687
1 0.6028708791208791 0.7014306358381502 0.004450549450549451 0.012037572254335261
1 0.47607142857142853 0.9862861271676301 0.0076304945054945054 0.017384393063583813
1 0.6419642857142858 0.9140751445086704 0.008901098901098902 0.020057803468208093
1 0.5847596153846154 0.9735838150289018 0.006353021978021978 0.021401734104046242
1 0.6607142857142857 0.9528612716763005 0.006991758241758242 0.017384393063583813
1 0.6425961538461539 0.9948121387283236 0.006353021978021978 0.010361271676300578
1 0.723956043956044 0.6766907514450867 0.0076304945054945054 0.018728323699421966
1 0.7137843406593406 0.918092485549133 0.010171703296703296 0.012037572254335261
1 0.7067925824175824 0.9461705202312138 0.008901098901098902 0.014710982658959537
1 0.6200343406593406 0.6004624277456647 0.010803571428571428 0.021401734104046242
1 0.6731043956043956 0.5636849710982659 0.011442307692307693 0.025404624277456645
1 0.6616620879120879 0.5837427745664739 0.006353021978021978 0.012037572254335261
1 0.6473626373626373 0.6038150289017341 0.008262362637362637 0.020057803468208093
1 0.6762843406593406 0.6499421965317919 0.010171703296703296 0.021401734104046242
1 0.6905837912087912 0.6198554913294798 0.006991758241758242 0.014710982658959537
1 0.6499038461538461 0.6532947976878613 0.010803571428571428 0.02273121387283237
1 0.674059065934066 0.7281791907514451 0.009532967032967033 0.020057803468208093
1 0.7036126373626373 0.6626589595375723 0.008901098901098902 0.017384393063583813
1 0.7976854395604396 0.5215606936416185 0.008901098901098902 0.021401734104046242
1 0.7681318681318682 0.6198554913294798 0.009532967032967033 0.017384393063583813
1 0.7754395604395604 0.6526300578034682 0.010171703296703296 0.024075144508670522
1 0.7795673076923076 0.7970520231213872 0.012074175824175823 0.024075144508670522
1 0.7805219780219781 0.9414884393063584 0.0076304945054945054 0.018728323699421966
1 0.8008653846153846 0.9521820809248555 0.006353021978021978 0.018728323699421966
1 0.8637843406593407 0.8050867052023122 0.008901098901098902 0.016054913294797687
1 0.8202472527472527 0.8465317919075144 0.013344780219780219 0.0267485549132948
1 0.8447184065934067 0.7896965317919076 0.010171703296703296 0.014710982658959537
1 0.8285096153846153 0.7910404624277456 0.010803571428571428 0.025404624277456645
1 0.8501236263736264 0.7021098265895954 0.006991758241758242 0.013367052023121388
1 0.9063736263736264 0.7408815028901735 0.010171703296703296 0.021401734104046242
1 0.877451923076923 0.9020375722543353 0.009532967032967033 0.020057803468208093
1 0.895885989010989 0.9274421965317918 0.008262362637362637 0.014710982658959537
1 0.9378365384615385 0.9715751445086706 0.006991758241758242 0.017384393063583813
1 0.9594436813186813 0.9822832369942197 0.008262362637362637 0.014710982658959537
1 0.9139972527472527 0.7683092485549132 0.008901098901098902 0.014710982658959537
1 0.948956043956044 0.8859826589595377 0.005082417582417583 0.012037572254335261
1 0.9692994505494505 0.7201589595375723 0.008901098901098902 0.020057803468208093
1 0.8250137362637363 0.6967485549132948 0.008901098901098902 0.021401734104046242
1 0.8374107142857142 0.6599855491329479 0.010803571428571428 0.02273121387283237
1 0.8262843406593406 0.6572976878612717 0.0076304945054945054 0.02273121387283237
1 0.8380425824175824 0.5844219653179191 0.005721153846153846 0.013367052023121388
1 0.9006524725274725 0.5697109826589596 0.010171703296703296 0.0267485549132948
1 0.9518200549450548 0.6011416184971098 0.010803571428571428 0.025404624277456645
1 0.957857142857143 0.544971098265896 0.013983516483516483 0.020057803468208093
1 0.961353021978022 0.3764595375722543 0.009532967032967033 0.02273121387283237
1 0.8342307692307693 0.39384393063583817 0.009532967032967033 0.017384393063583813
1 0.783701923076923 0.33166184971098267 0.010171703296703296 0.018728323699421966
1 0.7817925824175824 0.2039450867052023 0.011442307692307693 0.02273121387283237
1 0.8777678571428571 0.11702312138728324 0.006353021978021978 0.020057803468208093
1 0.8927060439560439 0.04947976878612717 0.013344780219780219 0.0267485549132948
1 0.8091277472527472 0.06352601156069364 0.010171703296703296 0.020057803468208093
1 0.7980013736263737 0.12705202312138728 0.012074175824175823 0.0267485549132948
1 0.8011813186813187 0.020722543352601156 0.010803571428571428 0.02273121387283237
1 0.571407967032967 0.040794797687861276 0.006353021978021978 0.014710982658959537
1 0.5259615384615385 0.39251445086705206 0.010803571428571428 0.02273121387283237
1 0.4627197802197802 0.35640173410404624 0.012712912087912089 0.025404624277456645
1 0.418228021978022 0.15846820809248555 0.0076304945054945054 0.017384393063583813
1 0.4312568681318681 0.09829479768786127 0.010803571428571428 0.02273121387283237
1 0.36293269230769226 0.2848554913294798 0.006353021978021978 0.016054913294797687
1 0.8513942307692308 0.7790028901734105 0.006991758241758242 0.012037572254335261