1 0.06346324180690878 0.3772338090010977 0.03961913197519929 0.029055982436882545
1 0.052143489813994685 0.41931942919868276 0.012125775022143489 0.01703622392974753
1 0.0816563330380868 0.4814379802414928 0.009698848538529672 0.01703622392974753
1 0.1596722763507529 0.4523819978046103 0.007271922054915856 0.009012074643249178
1 0.13865367581930912 0.5009769484083425 0.015358724534986714 0.018035126234906697
1 0.1596722763507529 0.5069813391877058 0.010513728963684675 0.016026344676180023
1 0.16493356953055802 0.607178924259056 0.009698848538529672 0.010021953896816685
1 0.03355181576616475 0.26401756311745334 0.008892825509300265 0.01102085620197585
1 0.16452612931798052 0.5565861690450055 0.008892825509300265 0.013029637760702524
1 0.23809565987599646 0.3867508232711306 0.010513728963684675 0.018035126234906697
1 0.3642161204605846 0.553073545554336 0.008892825509300265 0.012019758507135016
1 0.41353410097431353 0.5691108671789243 0.010513728963684675 0.01402854006586169
1 0.4474933569530558 0.5109879253567509 0.02021257750221435 0.03005488474204171
1 0.42970770593445523 0.5275301866081229 0.015358724534986714 0.01703622392974753
1 0.4499202834366696 0.470417124039517 0.0137466784765279 0.01903402854006586
1 0.383215234720992 0.4749176728869374 0.011319751992914082 0.016026344676180023
1 0.3250132860938884 0.3982766190998902 0.009698848538529672 0.01102085620197585
1 0.43819309123117806 0.2970801317233809 0.011319751992914082 0.01903402854006586
1 0.2829672276350753 0.2815477497255763 0.009698848538529672 0.016026344676180023
1 0.24093002657218776 0.5590889132821075 0.006465899025686448 0.010021953896816685
1 0.25022143489813997 0.5761141602634468 0.005659875996457041 0.010021953896816685
1 0.27690876882196636 0.5776180021953897 0.015358724534986714 0.027047200878155875
1 0.2158635961027458 0.7254116355653129 0.006465899025686448 0.010021953896816685
1 0.22961027457927372 0.6993633369923161 0.006465899025686448 0.010021953896816685
1 0.353303808680248 0.619198682766191 0.009698848538529672 0.012019758507135016
1 0.33956598759964574 0.6743139407244786 0.009698848538529672 0.010021953896816685
1 0.35815766164747564 0.7018660812294182 0.006465899025686448 0.01102085620197585
1 0.11965456155890168 0.24246981339187704 0.014552701505757307 0.018035126234906697
1 0.14027457927369355 0.27803512623490667 0.010513728963684675 0.013029637760702524
1 0.11156775907883082 0.3065971459934138 0.009698848538529672 0.02004390779363337
1 0.19039858281665192 0.24698133918770582 0.007271922054915856 0.01102085620197585
1 0.22395039858281665 0.3081009879253568 0.00808680248007086 0.009012074643249178
1 0.1940389725420726 0.2815477497255763 0.006465899025686448 0.010021953896816685
1 0.26518157661647473 0.24397365532381995 0.00808680248007086 0.01102085620197585
1 0.14148804251550046 0.3050933040614709 0.006465899025686448 0.01102085620197585
1 0.12652790079716564 0.28004390779363336 0.007271922054915856 0.01102085620197585
1 0.005659875996457041 0.559582875960483 0.00808680248007086 0.013029637760702524
1 0.006067316209034544 0.5976619099890231 0.005659875996457041 0.009012074643249178
1 0.008892825509300265 0.6372338090010977 0.006465899025686448 0.010021953896816685
1 0.16614703277236492 0.6342371020856201 0.008892825509300265 0.012019758507135016
1 0.16977856510186007 0.6913391877058177 0.006465899025686448 0.010021953896816685
1 0.1887776793622675 0.7078704720087816 0.007271922054915856 0.01102085620197585
1 0.25022143489813997 0.8852250274423711 0.007271922054915856 0.015027442371020855
1 0.23203720106288753 0.8511525795828759 0.004853852967227635 0.01102085620197585
1 0.19767050487156776 0.9423271130625687 0.010513728963684675 0.015027442371020855
1 0.2041452612931798 0.9884193194291987 0.0137466784765279 0.01903402854006586
1 0.1208680248007086 0.899747530186608 0.012125775022143489 0.01402854006586169
1 0.10469441984056688 0.8421405049396269 0.008892825509300265 0.013029637760702524
1 0.05093002657218778 0.8882217343578485 0.00808680248007086 0.013029637760702524
1 0.06467670504871567 0.8727003293084522 0.00808680248007086 0.012019758507135016
1 0.22516386182462356 0.8195938529088913 0.007271922054915856 0.008013172338090012
1 0.2170770593445527 0.7499560922063667 0.005659875996457041 0.009012074643249178
1 0.36098317094774135 0.9418331503841931 0.005659875996457041 0.010021953896816685
1 0.3751372896368467 0.8160812294182218 0.006465899025686448 0.01102085620197585
1 0.36098317094774135 0.734423710208562 0.007271922054915856 0.010021953896816685
1 0.4289016829052259 0.8396267837541164 0.010513728963684675 0.01402854006586169
1 0.4430469441984057 0.8466410537870471 0.009698848538529672 0.01402854006586169
1 0.4705314437555359 0.8872228320526894 0.006465899025686448 0.01102085620197585
1 0.3739238263950399 0.8762019758507136 0.010513728963684675 0.013029637760702524
1 0.3330912311780337 0.8175850713501647 0.00808680248007086 0.01402854006586169
1 0.33228520814880425 0.8000548847420418 0.006465899025686448 0.009012074643249178
1 0.3904960141718335 0.7709989023051591 0.006465899025686448 0.009012074643249178
1 0.2595217006200177 0.8411306256860592 0.00808680248007086 0.01102085620197585
1 0.32137289636846766 0.7038638858397366 0.0137466784765279 0.015027442371020855
1 0.3411780336581045 0.73192096597146 0.00808680248007086 0.01102085620197585
1 0.38685562444641275 0.7434467618002195 0.010513728963684675 0.01402854006586169
1 0.4289016829052259 0.7279143798024149 0.007271922054915856 0.01102085620197585
1 0.4685119574844996 0.8130845225027443 0.008892825509300265 0.013029637760702524
1 0.4644729849424269 0.8215916575192097 0.012125775022143489 0.01402854006586169
1 0.5008503100088574 0.8180900109769483 0.007271922054915856 0.013029637760702524
1 0.48225863596102747 0.7644895718990121 0.012125775022143489 0.016026344676180023
1 0.5255093002657218 0.8120746432491767 0.00808680248007086 0.013029637760702524
1 0.5263241806908769 0.8571679473106476 0.00808680248007086 0.009012074643249178
1 0.5044906997342782 0.917277716794731 0.006465899025686448 0.009012074643249178
1 0.4729583702391497 0.9388254665203073 0.01617360496014172 0.026048298572996707
1 0.4656864481842338 0.9052579582875961 0.00808680248007086 0.01102085620197585
1 0.45234720992028343 0.9152799121844127 0.007271922054915856 0.009012074643249178
1 0.4430469441984057 0.9117672886937431 0.006465899025686448 0.008013172338090012
1 0.4369796279893711 0.9102744237102085 0.007271922054915856 0.009012074643249178
1 0.3634100974313552 0.670801317233809 0.007271922054915856 0.009012074643249178
1 0.3112666076173605 0.7905378704720087 0.011319751992914082 0.01402854006586169
1 0.10388839681133748 0.7569703622392975 0.005659875996457041 0.007014270032930845
1 0.09217006200177148 0.8015587266739846 0.00808680248007086 0.010021953896816685
1 0.09014171833480956 0.9022502744237103 0.007271922054915856 0.01102085620197585
1 0.08651018600531443 0.9313062568605928 0.009698848538529672 0.015027442371020855
1 0.16573959255978743 0.9323161361141603 0.006465899025686448 0.009012074643249178
1 0.2069707705934455 0.7900329308452251 0.00808680248007086 0.01102085620197585
1 0.3084322409211692 0.8065642151481888 0.005659875996457041 0.00601536772777168
1 0.34521700620017715 0.8316136114160264 0.006465899025686448 0.010021953896816685
1 0.34764393268379096 0.844643249176729 0.006465899025686448 0.010021953896816685
1 0.3363241806908769 0.9568605927552141 0.00808680248007086 0.010021953896816685
1 0.2862001771479185 0.9673765093304061 0.006465899025686448 0.01102085620197585
1 0.1337998228520815 0.8486498353457739 0.008892825509300265 0.010021953896816685
1 0.1204605845881311 0.9783973655323821 0.011319751992914082 0.013029637760702524
1 0.27528786536758193 0.6242151481888035 0.005659875996457041 0.01402854006586169
1 0.34198405668733395 0.894742041712404 0.00808680248007086 0.012019758507135016
1 0.41070859167404783 0.795543358946213 0.006465899025686448 0.008013172338090012
1 0.4301151461470328 0.7750054884742041 0.00808680248007086 0.01102085620197585
1 0.45395925597874226 0.7975521405049397 0.007271922054915856 0.010021953896816685
1 0.4644729849424269 0.7880351262349067 0.007271922054915856 0.01102085620197585
1 0.487511071744907 0.8105708013172338 0.009698848538529672 0.012019758507135016
1 0.5715943312666076 0.7800109769484084 0.00808680248007086 0.009012074643249178
1 0.5222763507528786 0.7249066959385291 0.009698848538529672 0.013029637760702524
1 0.5728077945084146 0.7168935236004391 0.008892825509300265 0.013029637760702524
1 0.5913994685562445 0.7394401756311745 0.008892825509300265 0.016026344676180023
1 0.5687688219663419 0.689835345773875 0.007271922054915856 0.009012074643249178
1 0.5485562444641275 0.7173984632272228 0.008892825509300265 0.012019758507135016
1 0.5400620017714792 0.7269154774972558 0.00808680248007086 0.01102085620197585
1 0.5720017714791851 0.7559714599341384 0.016979627989371127 0.02104281009879254
1 0.5922143489813995 0.853655323819978 0.007271922054915856 0.010021953896816685
1 0.6184853852967227 0.9157848518111965 0.00808680248007086 0.012019758507135016
1 0.5748272807794509 0.9388254665203073 0.00808680248007086 0.012019758507135016
1 0.5538086802480071 0.9939626783754116 0.006465899025686448 0.012074643249176729
1 0.6124269264836137 0.7935455543358946 0.007271922054915856 0.012019758507135016
1 0.603126660761736 0.79403951701427 0.006465899025686448 0.009012074643249178
1 0.8565810451727193 0.9468386388583975 0.007271922054915856 0.01402854006586169
1 0.8003985828166519 0.5901427003293085 0.022639503985828164 0.026048298572996707
1 0.8521346324180691 0.5761141602634468 0.012931798051372897 0.02004390779363337
1 0.6475907883082374 0.7725027442371021 0.009698848538529672 0.012019758507135016
1 0.6395039858281665 0.8085729967069155 0.009698848538529672 0.012019758507135016
1 0.6593179805137289 0.8691877058177827 0.010513728963684675 0.01102085620197585
1 0.6669973427812222 0.8867178924259056 0.00808680248007086 0.012019758507135016
1 0.6459787422497785 0.9683863885839737 0.006465899025686448 0.009012074643249178
1 0.6188928255093002 0.5505708013172338 0.010513728963684675 0.013029637760702524
1 0.5817006200177148 0.4964324917672887 0.008892825509300265 0.01296377607025247
1 0.5449158547387069 0.4623380900109769 0.00808680248007086 0.015027442371020855
1 0.6977147918511958 0.8170252469813392 0.012931798051372897 0.01703622392974753
1 0.7179273693534101 0.7028100987925356 0.00808680248007086 0.01102085620197585
1 0.6714437555358724 0.7383754116355653 0.008892825509300265 0.012019758507135016
1 0.5530026572187777 0.5875850713501646 0.00808680248007086 0.01102085620197585
1 0.5162178919397696 0.5019099890230516 0.007271922054915856 0.010021953896816685
1 0.4094951284322409 0.45231613611416027 0.007271922054915856 0.009012074643249178
1 0.5707883082373781 0.8857189901207464 0.006465899025686448 0.010021953896816685
1 0.7094419840566873 0.9638748627881449 0.007271922054915856 0.010021953896816685
1 0.676696191319752 0.9368166849615808 0.00808680248007086 0.010021953896816685
1 0.7967581930912312 0.9318111964873765 0.007271922054915856 0.010021953896816685
1 0.804844995571302 0.77801317233809 0.008892825509300265 0.01102085620197585
1 0.7939238263950399 0.8210976948408343 0.009698848538529672 0.015027442371020855
1 0.7838175376439327 0.8165861690450055 0.007271922054915856 0.010021953896816685
1 0.8303100088573959 0.6487596048298573 0.009698848538529672 0.01102085620197585
1 0.6386979627989371 0.19237102085620197 0.009698848538529672 0.018035126234906697
1 0.3872630646589903 0.24346871569703624 0.01778565101860053 0.026048298572996707
1 0.4717449069973428 0.222436882546652 0.0137466784765279 0.02004390779363337
1 0.5833215234720992 0.10821075740944017 0.008892825509300265 0.01402854006586169
1 0.7013551815766165 0.25850713501646544 0.008892825509300265 0.01402854006586169
1 0.7672453498671391 0.24698133918770582 0.00808680248007086 0.009012074643249178
1 0.7890788308237379 0.24998902305159168 0.00808680248007086 0.01102085620197585
1 0.9867493356953055 0.0295609220636663 0.02021257750221435 0.023040614709110865
1 0.2748804251550044 0.14177826564215149 0.01617360496014172 0.01903402854006586
1 0.2158635961027458 0.06311745334796927 0.014552701505757307 0.018035126234906697
1 0.3254118689105403 0.022546652030735456 0.010513728963684675 0.013029637760702524
1 0.32581930912311785 0.1392755214050494 0.00808680248007086 0.012019758507135016
1 0.15199291408325952 0.17132821075740945 0.011319751992914082 0.016026344676180023
1 0.1475465013286094 0.20840834248079035 0.007271922054915856 0.012019758507135016
1 0.20009743135518157 0.3436663007683864 0.007271922054915856 0.010021953896816685
1 0.2300088573959256 0.40378704720087816 0.005659875996457041 0.010021953896816685
1 0.4802391496899912 0.3516794731064764 0.00808680248007086 0.01402854006586169
1 0.5186359610274579 0.3286388583973655 0.007271922054915856 0.010021953896816685
1 0.5170239149689991 0.3421624588364435 0.007271922054915856 0.01102085620197585
1 0.6395039858281665 0.3371569703622393 0.011319751992914082 0.015027442371020855
1 0.665376439326838 0.27353457738748627 0.009698848538529672 0.012019758507135016
1 0.6532506643046944 0.3732272228320527 0.011319751992914082 0.015027442371020855
1 0.676696191319752 0.40879253567508234 0.009698848538529672 0.012019758507135016
1 0.6665899025686448 0.4112952799121844 0.008892825509300265 0.01102085620197585
1 0.6556775907883082 0.402788144895719 0.014552701505757307 0.018035126234906697
1 0.7296545615589016 0.38524698133918767 0.012125775022143489 0.015027442371020855
1 0.7611868910540301 0.3065971459934138 0.008892825509300265 0.012019758507135016
1 0.7296545615589016 0.3010867178924259 0.008892825509300265 0.015027442371020855
1 0.8149512843224093 0.31210757409440176 0.00808680248007086 0.01102085620197585
1 0.7813994685562445 0.37121844127332604 0.007271922054915856 0.013029637760702524
1 0.8610274579273693 0.43083424807903403 0.009698848538529672 0.012019758507135016
1 0.7425863596102745 0.48845225027442374 0.008892825509300265 0.01102085620197585
1 0.7551195748449956 0.43784851811196485 0.012931798051372897 0.016026344676180023
1 0.7910983170947741 0.426827661909989 0.007271922054915856 0.012019758507135016
1 0.8521346324180691 0.36371020856201974 0.011319751992914082 0.016026344676180023
1 0.8392028343666962 0.36371020856201974 0.014552701505757307 0.02004390779363337
1 0.5145172719220549 0.24028540065861692 0.01324180690876882 0.016410537870472006
1 0.5391142604074401 0.25611416026344674 0.011346324180690877 0.015236004390779365
1 0.5613374667847653 0.2807244785949506 0.01607617360496014 0.024610318331503844
1 0.3622409211691763 0.31003293084522504 0.011346324180690877 0.015236004390779365
1 0.3854207263064659 0.3827003293084522 0.008511957484499557 0.010548847420417123
1 0.3622409211691763 0.36981339187705814 0.007564216120460584 0.008199780461031833
1 0.3603542958370239 0.41200878155872667 0.007564216120460584 0.010548847420417123
1 0.429867139061116 0.39442371020856204 0.006616474756421612 0.010548847420417123
1 0.4554030115146147 0.39970362239297474 0.006616474756421612 0.01172338090010977
1 0.49181576616474754 0.31003293084522504 0.007564216120460584 0.010548847420417123
1 0.6450398582816652 0.2953787047200878 0.00945969884853853 0.014061470911086718
1 0.5873427812223206 0.387980241492865 0.007564216120460584 0.01172338090010977
1 0.5793091231178034 0.5268715697036224 0.014189548272807793 0.015236004390779365
1 0.4218334809565988 0.3024149286498353 0.007564216120460584 0.01172338090010977
1 0.09647475642161205 0.14885839736553239 0.007564216120460584 0.009374313940724478
1 0.04303808680248007 0.07794731064763996 0.01229406554472985 0.015236004390779365
1 0.04303808680248007 0.1359714599341383 0.008511957484499557 0.01172338090010977
1 0.01607617360496014 0.3223380900109769 0.007564216120460584 0.009374313940724478
1 0.019388839681133748 0.33230515916575193 0.008511957484499557 0.010548847420417123
1 0.011824623560673162 0.35105378704720086 0.01229406554472985 0.0199231613611416
1 0.18442869796279893 0.15178924259055981 0.011346324180690877 0.012897914379802415
1 0.20429583702391496 0.19926454445664105 0.007564216120460584 0.01172338090010977
1 0.3953498671390611 0.1394840834248079 0.00945969884853853 0.01172338090010977
1 0.5424180690876882 0.06915477497255763 0.008511957484499557 0.009374313940724478
1 0.2373959255978742 0.2496597145993414 0.00945969884853853 0.01172338090010977
1 0.24402125775022143 0.22739846322722282 0.00945969884853853 0.01172338090010977
1 0.31636846767050486 0.2813172338090011 0.008511957484499557 0.01172338090010977
1 0.33245349867139057 0.3071020856201976 0.008511957484499557 0.01172338090010977
1 0.3613020372010629 0.29479692645444566 0.007564216120460584 0.010548847420417123
1 0.5419486271036316 0.21215148188803515 0.00945969884853853 0.01172338090010977
1 0.6213994685562444 0.13479692645444566 0.007564216120460584 0.01172338090010977
1 0.377378210806023 0.31998902305159166 0.007564216120460584 0.01172338090010977
1 0.3613020372010629 0.34461031833150385 0.015137289636846766 0.016410537870472006
1 0.759955713020372 0.042788144895718985 0.01229406554472985 0.017585071350164655
1 0.5391142604074401 0.3053457738748628 0.015137289636846766 0.036333699231613614
1 0.5173604960141719 0.22680570801317235 0.00945969884853853 0.012897914379802415
1 0.5060053144375554 0.20336992316136115 0.007564216120460584 0.010548847420417123
1 0.8658901682905226 0.14065861690450054 0.008511957484499557 0.014061470911086718
1 0.8408237378210806 0.1693743139407245 0.01324180690876882 0.015236004390779365
1 0.8223826395039858 0.09377607025246983 0.01229406554472985 0.016410537870472006
1 0.6701062887511071 0.06329308452250273 0.014189548272807793 0.0187596048298573
1 0.656386182462356 0.07150384193194292 0.011346324180690877 0.016410537870472006
1 0.6256510186005314 0.06329308452250273 0.01229406554472985 0.014061470911086718
1 0.9524269264836138 0.1353787047200878 0.00945969884853853 0.012897914379802415
1 0.7254384410983171 0.1394840834248079 0.00945969884853853 0.01172338090010977
1 0.70651904340124 0.201602634467618 0.007564216120460584 0.009374313940724478
1 0.6871302037201062 0.08498353457738748 0.006616474756421612 0.008199780461031833
1 0.8077236492471213 0.22856201975850712 0.007564216120460584 0.009374313940724478
1 0.8535872453498672 0.07326015367727771 0.008511957484499557 0.010548847420417123
1 0.9779627989371124 0.5034357848518112 0.007564216120460584 0.010548847420417123
1 0.9770150575730735 0.5843139407244785 0.00945969884853853 0.012897914379802415
1 0.9916829052258636 0.6329527991218441 0.010407440212577503 0.014061470911086718
1 0.9618866253321524 0.6481888035126235 0.011346324180690877 0.0187596048298573
1 0.9216917626217891 0.7290669593852909 0.008511957484499557 0.01172338090010977
1 0.8753410097431356 0.7021075740944017 0.008511957484499557 0.01172338090010977
1 0.6644286979627989 0.5409440175631175 0.008511957484499557 0.012897914379802415
1 0.7523914968999115 0.831635565312843 0.006616474756421612 0.010548847420417123
1 0.7836049601417184 0.8538968166849615 0.006616474756421612 0.008199780461031833
1 0.7741452612931798 0.8585949506037321 0.008511957484499557 0.010548847420417123
1 0.7968467670504872 0.866794731064764 0.008511957484499557 0.012897914379802415
1 0.9902568644818424 0.8269374313940725 0.007564216120460584 0.008199780461031833
1 0.9836403897254207 0.8720746432491767 0.01324180690876882 0.014061470911086718
1 0.9235783879539415 0.8644456641053787 0.008511957484499557 0.010548847420417123
1 0.9235783879539415 0.8761690450054885 0.008511957484499557 0.012897914379802415
1 0.938237378210806 0.9007903402854006 0.005677590788308238 0.008199780461031833
1 0.8507528786536758 0.8814489571899012 0.008511957484499557 0.01172338090010977
1 0.5164127546501328 0.5596926454445664 0.00945969884853853 0.015236004390779365
1 0.5268113374667848 0.5819648737650932 0.011346324180690877 0.010548847420417123
1 0.5296545615589017 0.5901756311745334 0.007564216120460584 0.010548847420417123
1 0.5230292294065545 0.6411635565312843 0.01324180690876882 0.016410537870472006
1 0.7145615589016829 0.7484083424807902 0.021753764393268378 0.024610318331503844
1 0.7282728077945084 0.7179363336992316 0.00945969884853853 0.012897914379802415
1 0.8119751992914084 0.6921514818880351 0.010407440212577503 0.015236004390779365
1 0.6698228520814881 0.6617892425905598 0.007271922054915856 0.01102085620197585
1 0.3048007085916741 0.6522722283205269 0.009698848538529672 0.018035126234906697
1 0.25103631532329496 0.5135016465422613 0.015358724534986714 0.01903402854006586