0 0.2619140989729225 0.23540945790080736 0.029253034547152192 0.04379469434832756
0 0.27167133520074693 0.5151557093425605 0.029253034547152192 0.0361361014994233
0 0.32085901027077496 0.6870588235294117 0.028366013071895423 0.03831603229527105
0 0.011083099906629318 0.2518339100346021 0.022156862745098038 0.039411764705882354
0 0.49547152194211014 0.7604152249134948 0.030140056022408965 0.044890426758938874
0 0.2029785247432306 0.8813956170703575 0.03190476190476191 0.0372318339100346
0 0.31554621848739495 0.886874279123414 0.03722689075630252 0.04160322952710496
0 0.9821755368814193 0.5069434832756632 0.03564892623716153 0.04379469434832756
0 0.8048085901027078 0.8463667820069204 0.030140056022408965 0.035040369088811994
1 0.9905042016806722 0.21952710495963093 0.011521942110177404 0.016424452133794693
1 0.913828197945845 0.3711764705882353 0.012408963585434174 0.019711649365628605
1 0.8473576097105509 0.1861361014994233 0.008860877684407097 0.01532871972318339
1 0.9847432306255837 0.2490888119953864 0.012408963585434174 0.014232987312572087
1 0.7175070028011205 0.5074855824682815 0.015070028011204483 0.016424452133794693
1 0.6528011204481793 0.2868627450980392 0.015070028011204483 0.017520184544405997
1 0.5663772175536882 0.2726297577854671 0.01595704948646125 0.019711649365628605
1 0.39929971988795515 0.275916955017301 0.015070028011204483 0.019711649365628605
1 0.7396638655462184 0.38814302191464817 0.009747899159663865 0.012041522491349481
1 0.25039215686274513 0.39416378316032297 0.011521942110177404 0.01532871972318339
1 0.2973762838468721 0.26277970011534024 0.015070028011204483 0.01532871972318339
1 0.4130438842203548 0.3886966551326413 0.008860877684407097 0.010945790080738179
1 0.4312138188608777 0.5857785467128028 0.007973856209150325 0.00875432525951557
1 0.3181979458450047 0.5578546712802769 0.012408963585434174 0.012041522491349481
1 0.24906629318394025 0.6120530565167243 0.026591970121381887 0.035040369088811994
1 0.8376003734827264 0.5983621683967705 0.010634920634920636 0.0186159169550173
1 0.9430812324929971 0.5299307958477508 0.008860877684407097 0.010945790080738179
1 0.5300373482726424 0.40620530565167245 0.008860877684407097 0.00875432525951557
1 0.6873669467787115 0.3481776239907728 0.009747899159663865 0.013137254901960785
1 0.33859010270774975 0.2879584775086505 0.008860877684407097 0.010945790080738179
1 0.364733893557423 0.27372549019607845 0.0061998132586367875 0.010945790080738179
1 0.8876844070961718 0.8118685121107266 0.009747899159663865 0.012041522491349481
1 0.881923436041083 0.8206343713956171 0.008860877684407097 0.012041522491349481
1 0.9284593837535013 0.8222722029988465 0.08242763772175538 0.08321799307958479
1 0.8358356676003734 0.9005651672433679 0.008860877684407097 0.012041522491349481
1 0.6173482726423902 0.8266551326412919 0.011521942110177404 0.017520184544405997
1 0.6359570494864613 0.8666205305651673 0.015070028011204483 0.022987312572087658
1 0.5140896358543418 0.8102306805074971 0.014183006535947711 0.02190311418685121
1 0.4755275443510738 0.8841407151095731 0.011521942110177404 0.014232987312572087
1 0.7910737628384688 0.8217301038062285 0.009747899159663865 0.012041522491349481
1 0.8646405228758169 0.9454555940023068 0.009747899159663865 0.012041522491349481
1 0.9554901960784314 0.9131487889273356 0.010634920634920636 0.013137254901960785
1 0.5530812324929972 0.9465513264129181 0.008860877684407097 0.012041522491349481
1 0.5504295051353875 0.9949019607843138 0.008860877684407097 0.010207612456747405
1 0.148468720821662 0.7149711649365629 0.013295985060690943 0.019711649365628605
1 0.05096171802054155 0.8523875432525951 0.01684407096171802 0.0186159169550173
1 0.15821661998132586 0.8419838523644751 0.009747899159663865 0.01532871972318339
1 0.1404855275443511 0.9394348327566321 0.01684407096171802 0.02190311418685121
1 0.1715126050420168 0.903840830449827 0.007973856209150325 0.012041522491349481
1 0.3496638655462185 0.8425259515570934 0.007973856209150325 0.009850057670126873
1 0.27343604108309993 0.7823068050749712 0.007973856209150325 0.009850057670126873
1 0.337703081232493 0.8507381776239908 0.007086834733893557 0.00657439446366782
1 0.3979738562091503 0.7270242214532873 0.007086834733893557 0.00875432525951557
1 0.41835667600373483 0.8677162629757785 0.007086834733893557 0.009850057670126873
1 0.7950606909430439 0.6366897347174164 0.007086834733893557 0.009850057670126873
1 0.3545378151260504 0.5058477508650518 0.01595704948646125 0.017520184544405997
1 0.5061064425770307 0.5753748558246828 0.005322128851540616 0.007658592848904267
1 0.487936507936508 0.5485467128027681 0.0061998132586367875 0.00875432525951557
1 0.2920541549953315 0.6328604382929643 0.0061998132586367875 0.00875432525951557
1 0.11700280112044818 0.5452595155709342 0.007086834733893557 0.00875432525951557
1 0.17859943977591036 0.8425259515570934 0.007973856209150325 0.009850057670126873
1 0.017282913165266107 0.12591695501730105 0.015070028011204483 0.01532871972318339
1 0.07224089635854342 0.18723183391003462 0.015070028011204483 0.017520184544405997
1 0.13561157796451914 0.15876585928489043 0.010634920634920636 0.013137254901960785
1 0.10724556489262371 0.2846712802768166 0.014183006535947711 0.017520184544405997
1 0.06204481792717087 0.370080738177624 0.012408963585434174 0.013137254901960785
1 0.2038655462184874 0.31259515570934254 0.01773109243697479 0.014232987312572087
1 0.15510737628384688 0.3153287197231834 0.01595704948646125 0.017520184544405997
1 0.19278244631185806 0.40730103806228374 0.0061998132586367875 0.00875432525951557
1 0.24906629318394025 0.14343713956170703 0.008860877684407097 0.010945790080738179
1 0.3119981325863679 0.13850057670126875 0.010634920634920636 0.012041522491349481
1 0.3474509803921569 0.14178777393310266 0.008860877684407097 0.009850057670126873
1 0.4493837535014006 0.08321799307958479 0.014183006535947711 0.010945790080738179
1 0.543781512605042 0.16259515570934255 0.0061998132586367875 0.009850057670126873
1 0.7689075630252101 0.7817647058823529 0.007973856209150325 0.00875432525951557
1 0.22070028011204482 0.6941753171856978 0.005322128851540616 0.00657439446366782
1 0.36562091503267974 0.41716262975778545 0.0061998132586367875 0.00657439446366782
1 0.41481792717086835 0.3208073817762399 0.008860877684407097 0.010945790080738179