1 0.20504803493449783 0.5633112582781458 0.025292576419213973 0.03003311258278146
1 0.22535371179039299 0.4809713024282561 0.0168646288209607 0.020342163355408387
1 0.1088471615720524 0.5943156732891832 0.01839301310043668 0.024216335540838855
1 0.030663755458515282 0.524083885209713 0.012262008733624454 0.01356512141280353
1 0.011502183406113538 0.5526600441501104 0.006131004366812227 0.008719646799116998
1 0.042157205240174675 0.41316777041942604 0.00919650655021834 0.012593818984547462
1 0.0651528384279476 0.41073951434878586 0.012262008733624454 0.01937086092715232
1 0.08355458515283842 0.48194260485651214 0.010733624454148471 0.014536423841059602
1 0.15483842794759825 0.463046357615894 0.013799126637554586 0.015496688741721854
1 0.17170305676855896 0.4025055187637969 0.012262008733624454 0.016467991169977925
1 0.10961572052401747 0.359878587196468 0.012262008733624454 0.012593818984547462
1 0.15483842794759825 0.3627924944812362 0.013799126637554586 0.016467991169977925
1 0.05480349344978166 0.7246136865342163 0.009965065502183406 0.01162251655629139
1 0.12916157205240172 0.754635761589404 0.008427947598253275 0.01162251655629139
1 0.11995633187772925 0.8185761589403974 0.013030567685589519 0.01356512141280353
0 0.6940873362445416 0.8117991169977925 0.02222707423580786 0.03100441501103753
1 0.38517903930131003 0.5434547461368654 0.009965065502183406 0.01356512141280353
1 0.37521397379912663 0.6558278145695363 0.008427947598253275 0.01356512141280353
1 0.36754585152838426 0.6718101545253863 0.019161572052401748 0.020342163355408387
1 0.16978165938864628 0.8471523178807947 0.006899563318777293 0.010651214128035321
1 0.04024454148471616 0.8253532008830022 0.011502183406113538 0.015496688741721854
1 0.2809344978165939 0.3797461368653422 0.009965065502183406 0.01356512141280353
1 0.32462008733624453 0.39621412803532013 0.006899563318777293 0.009690949227373067
1 0.14755458515283842 0.5875386313465784 0.013030567685589519 0.012593818984547462
1 0.19967685589519651 0.6504966887417218 0.008427947598253275 0.010651214128035321
1 0.21232314410480352 0.6785982339955849 0.006131004366812227 0.008719646799116998
1 0.06860262008733624 0.747373068432671 0.006899563318777293 0.006777041942604856
1 0.23072489082969433 0.7841832229580574 0.00919650655021834 0.010651214128035321
1 0.2345589519650655 0.8326158940397351 0.007668122270742358 0.010651214128035321
1 0.25410480349344977 0.7778918322295806 0.01456768558951965 0.017439293598233995
1 0.25563318777292576 0.7972626931567329 0.016096069868995633 0.01937086092715232
1 0.23685589519650654 0.8025938189845474 0.00919650655021834 0.014536423841059602
1 0.29319650655021834 0.8616777041942605 0.011502183406113538 0.016467991169977925
1 0.322707423580786 0.7585099337748344 0.012262008733624454 0.017439293598233995
1 0.38938864628820963 0.7439845474613686 0.00919650655021834 0.01162251655629139
1 0.40779039301310044 0.8524834437086093 0.00919650655021834 0.009690949227373067
1 0.3855633187772926 0.8335871964679912 0.00919650655021834 0.010651214128035321
1 0.3759825327510917 0.833101545253863 0.009965065502183406 0.01356512141280353
1 0.5852401746724891 0.7357505518763797 0.008427947598253275 0.010651214128035321
1 0.5837030567685589 0.7735320088300222 0.006899563318777293 0.012593818984547462
1 0.5932838427947598 0.8263245033112583 0.012262008733624454 0.01162251655629139
1 0.5001572052401746 0.8534437086092715 0.009965065502183406 0.01162251655629139
1 0.06285589519650656 0.9280463576158939 0.00919650655021834 0.009690949227373067
1 0.29664628820960703 0.9004304635761589 0.010733624454148471 0.012593818984547462
1 0.5741222707423581 0.9227152317880795 0.00919650655021834 0.014536423841059602
1 0.6174323144104804 0.9372406181015452 0.008427947598253275 0.010651214128035321
1 0.350296943231441 0.703300220750552 0.006131004366812227 0.01162251655629139
1 0.16786899563318777 0.5037417218543047 0.007668122270742358 0.009690949227373067
1 0.3299912663755458 0.4761258278145695 0.006899563318777293 0.006777041942604856
1 0.11268122270742359 0.1947130242825607 0.029126637554585152 0.038752759381898455
1 0.0739650655021834 0.1641942604856512 0.01456768558951965 0.020342163355408387
1 0.022611353711790395 0.1816335540838852 0.009965065502183406 0.016467991169977925
1 0.058253275109170305 0.04068432671081677 0.007668122270742358 0.01356512141280353
1 0.2667510917030568 0.15838852097130243 0.013799126637554586 0.018410596026490065
1 0.1625065502183406 0.2504194260485651 0.013799126637554586 0.016467991169977925
1 0.1119126637554585 0.24993377483443707 0.010733624454148471 0.017439293598233995
1 0.07320524017467249 0.3497130242825607 0.013030567685589519 0.01356512141280353
1 0.17936244541484717 0.23200883002207504 0.015327510917030569 0.018410596026490065
1 0.2054235807860262 0.24460264900662254 0.00919650655021834 0.012593818984547462
1 0.21041048034934498 0.2353973509933775 0.009965065502183406 0.015496688741721854
1 0.31465502183406113 0.047947019867549664 0.009965065502183406 0.010651214128035321
1 0.24030567685589518 0.19568432671081676 0.008427947598253275 0.01162251655629139
1 0.3617991266375546 0.13125827814569538 0.010733624454148471 0.016467991169977925
1 0.3269257641921397 0.3361479028697572 0.013030567685589519 0.01356512141280353
1 0.1759126637554585 0.2780242825607064 0.006899563318777293 0.009690949227373067
1 0.3805764192139738 0.02228476821192053 0.017633187772925767 0.01937086092715232
1 0.4112401746724891 0.046501103752759385 0.011502183406113538 0.015496688741721854
1 0.4905764192139738 0.06538631346578366 0.012262008733624454 0.016467991169977925
1 0.43500436681222704 0.11963576158940398 0.008427947598253275 0.012593818984547462
1 0.4744803493449781 0.06199779249448124 0.007668122270742358 0.009690949227373067
1 0.371764192139738 0.34002207505518767 0.01839301310043668 0.017439293598233995
1 0.3621834061135371 0.18745033112582782 0.009965065502183406 0.010651214128035321
1 0.6434934497816593 0.07749448123620309 0.009965065502183406 0.017439293598233995
1 0.33612227074235806 0.30369757174392936 0.006899563318777293 0.010651214128035321
1 0.38019213973799126 0.2387858719646799 0.012262008733624454 0.016467991169977925
1 0.34531877729257643 0.18114790286975718 0.006899563318777293 0.007748344370860927
1 0.3433973799126638 0.19278145695364238 0.00919650655021834 0.01162251655629139
1 0.3617991266375546 0.19955849889624724 0.010733624454148471 0.01356512141280353
1 0.4572314410480349 0.3245253863134658 0.008427947598253275 0.017439293598233995
1 0.40970305676855895 0.5395805739514349 0.013030567685589519 0.015496688741721854
1 0.5430829694323145 0.39475717439293595 0.009965065502183406 0.014536423841059602
1 0.03449781659388646 0.8108278145695365 0.007668122270742358 0.01162251655629139
1 0.3522183406113537 0.9541942604856513 0.009965065502183406 0.01356512141280353
1 0.39782532751091704 0.14192052980132452 0.00919650655021834 0.012593818984547462
1 0.3959126637554585 0.3061147902869757 0.006899563318777293 0.007748344370860927
1 0.41775545851528384 0.2736644591611479 0.007668122270742358 0.010651214128035321
1 0.62317903930131 0.13368653421633556 0.007668122270742358 0.009690949227373067
1 0.7013711790393014 0.28044150110375277 0.010733624454148471 0.010651214128035321
1 0.7025152838427947 0.27269315673289185 0.006899563318777293 0.010651214128035321
1 0.7669082969432315 0.266401766004415 0.006899563318777293 0.009690949227373067
1 0.4361484716157205 0.2993377483443708 0.00919650655021834 0.01937086092715232
1 0.7400786026200873 0.14676600441501103 0.011502183406113538 0.014536423841059602
1 0.760768558951965 0.11043046357615893 0.008427947598253275 0.01162251655629139
1 0.5610917030567686 0.38070640176600445 0.00919650655021834 0.009690949227373067
1 0.7097991266375546 0.007262693156732892 0.010733624454148471 0.012593818984547462
1 0.6607423580786026 0.018885209713024282 0.007668122270742358 0.010651214128035321
1 0.7715021834061135 0.15257174392935982 0.009965065502183406 0.012593818984547462
1 0.7964192139737991 0.19519867549668873 0.00919650655021834 0.014536423841059602
1 0.8040786026200873 0.17242825607064016 0.00919650655021834 0.015496688741721854
1 0.8776681222707423 0.1143046357615894 0.006131004366812227 0.007748344370860927
1 0.8220960698689956 0.15402869757174395 0.006899563318777293 0.01162251655629139
1 0.9895807860262008 0.16177704194260484 0.004602620087336244 0.009690949227373067
1 0.9186724890829695 0.18114790286975718 0.008427947598253275 0.009690949227373067
1 0.8121310043668122 0.29013245033112584 0.008427947598253275 0.012593818984547462
1 0.8688558951965066 0.3308167770419426 0.009965065502183406 0.012593818984547462
1 0.9700349344978166 0.41364238410596027 0.017633187772925767 0.02324503311258278
1 0.8462358078602621 0.34632450331125825 0.007668122270742358 0.010651214128035321
1 0.8416419213973799 0.4664459161147903 0.010733624454148471 0.018410596026490065
1 0.8159650655021834 0.4398013245033112 0.008427947598253275 0.007748344370860927
1 0.6975371179039301 0.5245695364238411 0.00919650655021834 0.008719646799116998
1 0.7987161572052401 0.3317880794701987 0.007668122270742358 0.008719646799116998
1 0.9290218340611354 0.5792935982339956 0.00919650655021834 0.01162251655629139
1 0.609764192139738 0.47758278145695365 0.008427947598253275 0.01162251655629139
1 0.632759825327511 0.6563134657836645 0.011502183406113538 0.014536423841059602
1 0.6611266375545851 0.6902207505518764 0.009965065502183406 0.010651214128035321
1 0.634296943231441 0.7207284768211921 0.008427947598253275 0.015496688741721854
1 0.6546113537117904 0.7168543046357616 0.007668122270742358 0.009690949227373067
1 0.6128296943231442 0.7401103752759381 0.008427947598253275 0.01356512141280353
1 0.8201746724890829 0.6558278145695363 0.00919650655021834 0.01356512141280353
1 0.7899039301310045 0.7221854304635761 0.006899563318777293 0.010651214128035321
1 0.7971790393013101 0.754635761589404 0.013799126637554586 0.017439293598233995
1 0.957004366812227 0.7178256070640177 0.008427947598253275 0.01162251655629139
1 0.9274934497816594 0.6897350993377483 0.010733624454148471 0.01356512141280353
1 0.656524017467249 0.7667439293598234 0.009965065502183406 0.010651214128035321
1 0.6488646288209607 0.7866114790286975 0.008427947598253275 0.007748344370860927
1 0.6197292576419214 0.7749779249448123 0.006899563318777293 0.007748344370860927
1 0.7136331877729257 0.47467991169977924 0.007668122270742358 0.009690949227373067
1 0.6818165938864629 0.4146136865342163 0.008427947598253275 0.009690949227373067
1 0.9937991266375547 0.5119757174392936 0.008427947598253275 0.012593818984547462
1 0.9378427947598252 0.5042273730684327 0.013030567685589519 0.014536423841059602
1 0.665344978165939 0.5531456953642384 0.010733624454148471 0.01162251655629139
1 0.6630393013100436 0.5812362030905077 0.012262008733624454 0.017439293598233995
1 0.7316419213973799 0.8655629139072848 0.006899563318777293 0.010651214128035321
1 0.8136593886462882 0.8544150110375276 0.013030567685589519 0.01162251655629139
1 0.843938864628821 0.8311699779249447 0.00919650655021834 0.01162251655629139
1 0.8496855895196507 0.8088852097130244 0.005362445414847161 0.009690949227373067
1 0.9021921397379913 0.8127593818984548 0.010733624454148471 0.01162251655629139
1 0.9121572052401747 0.8282671081677704 0.007668122270742358 0.009690949227373067
1 0.9175283842794759 0.8960706401766004 0.007668122270742358 0.009690949227373067
1 0.9527860262008734 0.8941390728476821 0.00919650655021834 0.01162251655629139
1 0.7925851528384279 0.8345584988962472 0.00919650655021834 0.010651214128035321
1 0.7960349344978166 0.8476379690949227 0.006899563318777293 0.01162251655629139
1 0.8332052401746725 0.9135099337748345 0.010733624454148471 0.015496688741721854
1 0.7297292576419213 0.969690949227373 0.007668122270742358 0.01162251655629139
1 0.7864541484716158 0.9101214128035321 0.006131004366812227 0.008719646799116998
1 0.997475982532751 0.79 0.005056768558951965 0.008719646799116998
1 0.5664628820960699 0.9159271523178808 0.006131004366812227 0.008719646799116998
1 0.6929344978165939 0.9571081677704194 0.006131004366812227 0.007748344370860927
1 0.46489956331877724 0.9217439293598234 0.009965065502183406 0.016467991169977925
1 0.8933799126637554 0.8863907284768212 0.008427947598253275 0.01162251655629139
1 0.6197292576419214 0.49550772626931566 0.008427947598253275 0.010651214128035321
1 0.6546113537117904 0.429635761589404 0.00919650655021834 0.008719646799116998
1 0.672235807860262 0.42915011037527595 0.006131004366812227 0.007748344370860927
1 0.696768558951965 0.4373841059602649 0.006131004366812227 0.006777041942604856
1 0.6557554585152838 0.5303752759381898 0.006899563318777293 0.008719646799116998
1 0.5580262008733625 0.2184437086092715 0.007668122270742358 0.008719646799116998
1 0.5246812227074236 0.34389624724061807 0.008427947598253275 0.01162251655629139
1 0.5595633187772926 0.3453532008830022 0.006131004366812227 0.008719646799116998
1 0.8305240174672489 0.44513245033112586 0.006899563318777293 0.010651214128035321
1 0.9723318777292576 0.3099889624724062 0.006899563318777293 0.007748344370860927
1 0.17016593886462883 0.2823841059602649 0.007668122270742358 0.010651214128035321
1 0.5296681222707423 0.1346578366445916 0.004602620087336244 0.007748344370860927
1 0.5300524017467249 0.14143487858719644 0.005362445414847161 0.005816777041942604
1 0.7653711790393013 0.33566225165562913 0.011502183406113538 0.012593818984547462
1 0.4522445414847162 0.18938189845474615 0.004602620087336244 0.008719646799116998
1 0.4511004366812227 0.2000441501103753 0.006899563318777293 0.008719646799116998
1 0.5668384279475982 0.22910596026490065 0.011502183406113538 0.016467991169977925
1 0.46220960698689956 0.4688631346578367 0.00919650655021834 0.01162251655629139
1 0.46604366812227077 0.48678807947019864 0.006131004366812227 0.010651214128035321
1 0.4905764192139738 0.7342935982339955 0.007668122270742358 0.01356512141280353
1 0.4625938864628821 0.9043046357615894 0.009965065502183406 0.012593818984547462
1 0.35674235807860266 0.9661699779249449 0.010366812227074236 0.008057395143487859
1 0.49146724890829696 0.5767770419426048 0.010366812227074236 0.01108167770419426
1 0.9614061135371178 0.9132781456953641 0.009563318777292575 0.013101545253863135
1 0.6939475982532751 0.35009933774834434 0.007170305676855896 0.007052980132450331
1 0.6947423580786026 0.3359933774834437 0.008768558951965065 0.013101545253863135
1 0.7461659388646288 0.433719646799117 0.011161572052401746 0.01511037527593819
1 0.47432314410480353 0.20804635761589405 0.007973799126637555 0.021158940397350997
1 0.44283842794759826 0.15817880794701988 0.008768558951965065 0.012086092715231787
1 0.5847336244541484 0.3717549668874172 0.011956331877729258 0.016114790286975718