0 0.7865114235500879 0.7670529801324504 0.022214411247803163 0.029944812362030903
1 0.8236291739894551 0.7503752759381899 0.006502636203866432 0.008852097130242825
1 0.8466608084358523 0.7816887417218543 0.00812829525483304 0.008852097130242825
1 0.8791652021089631 0.7949558498896248 0.00812829525483304 0.010894039735099337
1 0.8187521968365554 0.7983664459161148 0.013005272407732865 0.014977924944812362
1 0.8683304042179262 0.825242825607064 0.011379613356766256 0.014293598233995584
1 0.8247100175746924 0.8711920529801324 0.009753954305799648 0.016335540838852098
1 0.835281195079086 0.8919426048565121 0.009209138840070298 0.01293598233995585
1 0.9217047451669597 0.8994370860927152 0.007583479789103691 0.01020971302428256
1 0.9401318101933215 0.902494481236203 0.009753954305799648 0.010894039735099337
1 0.793286467486819 0.9426490066225165 0.007583479789103691 0.013609271523178808
1 0.7507469244288225 0.8041501103752758 0.00812829525483304 0.008852097130242825
1 0.6892442882249561 0.7942825607064018 0.004332161687170474 0.0054415011037527595
1 0.7098330404217926 0.8215011037527593 0.009753954305799648 0.009525386313465785
1 0.7190509666080843 0.8538300220750552 0.006502636203866432 0.008852097130242825
1 0.6532161687170475 0.8725496688741722 0.007047451669595781 0.008167770419426049
1 0.6881634446397188 0.8929690949227372 0.010834797891036908 0.02041942604856512
1 0.6778646748681898 0.9263134657836645 0.007583479789103691 0.008167770419426049
1 0.5521528998242531 0.8300110375275939 0.05310193321616872 0.05513245033112583
1 0.5321089630931458 0.8327373068432672 0.011924428822495607 0.01565121412803532
1 0.6242267135325131 0.7973399558498896 0.005421792618629174 0.008852097130242825
1 0.5778910369068542 0.908962472406181 0.010298769771528998 0.014293598233995584
1 0.52993848857645 0.9110044150110376 0.007583479789103691 0.011567328918322297
1 0.5778910369068542 0.92598233995585 0.009209138840070298 0.01020971302428256
1 0.5654305799648507 0.9235982339955849 0.00812829525483304 0.008167770419426049
1 0.556493848857645 0.9266556291390728 0.005421792618629174 0.007483443708609272
1 0.5123286467486818 0.9627262693156733 0.009209138840070298 0.008852097130242825
1 0.4145254833040422 0.8364790286975717 0.010834797891036908 0.010894039735099337
1 0.4188576449912127 0.8660816777041942 0.009753954305799648 0.01293598233995585
1 0.3573550087873462 0.8449889624724061 0.012460456942003515 0.014293598233995584
1 0.31942882249560633 0.8092494481236202 0.00812829525483304 0.009525386313465785
1 0.33920035149384886 0.8255849889624725 0.010834797891036908 0.013609271523178808
1 0.3535676625659051 0.8871854304635761 0.00812829525483304 0.011567328918322297
1 0.3863444639718805 0.9096467991169978 0.005421792618629174 0.01020971302428256
1 0.41913005272407733 0.9280242825607063 0.007047451669595781 0.007483443708609272
1 0.3080492091388401 0.7122626931567329 0.01571177504393673 0.019735099337748342
1 0.47710896309314593 0.7122626931567329 0.005957820738137083 0.007483443708609272
1 0.48090509666080844 0.949459161147903 0.00812829525483304 0.012251655629139073
1 0.49634446397188053 0.7884878587196468 0.006502636203866432 0.007483443708609272
1 0.4245518453427065 0.9889293598233996 0.007047451669595781 0.009525386313465785
1 0.34354130052724074 0.9712362030905077 0.011924428822495607 0.017693156732891832
1 0.2316432337434095 0.9783885209713024 0.010298769771528998 0.01020971302428256
1 0.3169859402460457 0.9661368653421634 0.008673110720562389 0.01293598233995585
1 0.23462214411247803 0.7612693156732893 0.014086115992970124 0.014293598233995584
1 0.3069683655536028 0.9293818984547462 0.012460456942003515 0.01293598233995585
1 0.25792618629173986 0.8184437086092715 0.007583479789103691 0.01020971302428256
1 0.26090509666080847 0.8507726269315673 0.00812829525483304 0.008167770419426049
1 0.25873462214411247 0.858598233995585 0.003796133567662566 0.006125827814569536
1 0.28691564147627413 0.8868432671081677 0.005957820738137083 0.008167770419426049
1 0.2958523725834798 0.8895584988962473 0.009753954305799648 0.012251655629139073
1 0.2812214411247803 0.913046357615894 0.007583479789103691 0.008852097130242825
1 0.16608084358523725 0.828653421633554 0.007047451669595781 0.007483443708609272
1 0.17176625659050967 0.8871854304635761 0.006502636203866432 0.008852097130242825
1 0.18666959578207382 0.9467328918322296 0.007047451669595781 0.008167770419426049
1 0.5247891036906854 0.7803200883002208 0.004876977152899824 0.006125827814569536
1 0.5589279437609841 0.8664238410596027 0.003796133567662566 0.006810154525386313
1 0.48116871704745173 0.8909271523178808 0.004332161687170474 0.0054415011037527595
1 0.630456942003515 0.9385651214128036 0.003796133567662566 0.0054415011037527595
1 0.3570826010544816 0.9310816777041943 0.008673110720562389 0.013609271523178808
1 0.3348681898066784 0.9463907284768212 0.004332161687170474 0.006125827814569536
1 0.01788224956063269 0.7207726269315673 0.019507908611599296 0.019061810154525387
1 0.02844463971880492 0.8657395143487859 0.00812829525483304 0.009525386313465785
1 0.027636203866432337 0.9052207505518763 0.015175746924428822 0.013609271523178808
1 0.07152899824253076 0.8950110375275938 0.007583479789103691 0.009525386313465785
1 0.07071177504393673 0.9811037527593819 0.005957820738137083 0.008852097130242825
1 0.12300527240773286 0.8545143487858721 0.014086115992970124 0.01293598233995585
1 0.1262565905096661 0.7401655629139073 0.011924428822495607 0.01020971302428256
1 0.07206502636203867 0.9286975717439293 0.004332161687170474 0.006125827814569536
1 0.28041300527240776 0.8378366445916116 0.009209138840070298 0.013609271523178808
1 0.09509666080843585 0.39101545253863135 0.013550087873462215 0.019735099337748342
1 0.023304042179261863 0.4311699779249448 0.010834797891036908 0.01565121412803532
1 0.023304042179261863 0.5400662251655629 0.006502636203866432 0.011567328918322297
1 0.10702108963093146 0.5955408388520971 0.013550087873462215 0.019061810154525387
1 0.23137082601054482 0.44477924944812364 0.009753954305799648 0.011567328918322297
1 0.21105448154657294 0.5244150110375276 0.00812829525483304 0.01293598233995585
1 0.219182776801406 0.5737637969094923 0.00812829525483304 0.010894039735099337
1 0.2525043936731107 0.5819205298013246 0.013005272407732865 0.014977924944812362
1 0.2319156414762742 0.6356953642384107 0.010834797891036908 0.012251655629139073
1 0.25955184534270653 0.6302538631346578 0.011924428822495607 0.012251655629139073
1 0.2316432337434095 0.36719646799117 0.018963093145869945 0.02654525386313466
1 0.3513971880492091 0.34881898454746135 0.011379613356766256 0.01565121412803532
1 0.3161775043936731 0.5720529801324503 0.011379613356766256 0.017019867549668874
1 0.3681985940246046 0.5455077262693157 0.00812829525483304 0.01293598233995585
1 0.47006151142355007 0.4015673289183223 0.009209138840070298 0.014977924944812362
1 0.4630228471001757 0.627869757174393 0.016801405975395433 0.01565121412803532
1 0.47385764499121263 0.478476821192053 0.007047451669595781 0.010894039735099337
1 0.6152811950790862 0.5720529801324503 0.011379613356766256 0.01565121412803532
1 0.5770826010544816 0.5033112582781457 0.007583479789103691 0.01020971302428256
1 0.48956942003514936 0.6465894039735098 0.010298769771528998 0.013609271523178808
1 0.5399648506151142 0.6326269315673289 0.005957820738137083 0.008852097130242825
1 0.5887346221441125 0.6224172185430463 0.004876977152899824 0.007483443708609272
1 0.6217838312829526 0.6350110375275939 0.014630931458699472 0.016335540838852098
1 0.8111687170474516 0.40598233995584987 0.019507908611599296 0.037439293598233996
1 0.7255536028119507 0.417560706401766 0.006502636203866432 0.01293598233995585
1 0.6347891036906854 0.3331567328918322 0.00812829525483304 0.008852097130242825
1 0.6104042179261863 0.31818984547461365 0.011379613356766256 0.011567328918322297
1 0.5849384885764499 0.3722958057395144 0.004876977152899824 0.010894039735099337
1 0.54402460456942 0.29164459161147904 0.005421792618629174 0.007483443708609272
1 0.739639718804921 0.2521633554083885 0.007583479789103691 0.011567328918322297
1 0.7285325131810194 0.2405960264900662 0.012460456942003515 0.01565121412803532
1 0.34218804920913887 0.30559602649006623 0.010298769771528998 0.009525386313465785
1 0.3069683655536028 0.22426048565121415 0.007047451669595781 0.008852097130242825
1 0.9143936731107205 0.28279249448123617 0.00812829525483304 0.01020971302428256
1 0.7374692442882249 0.3583443708609272 0.006502636203866432 0.01020971302428256
1 0.7754042179261863 0.17967991169977923 0.009753954305799648 0.016335540838852098
1 0.8501757469244289 0.21269315673289182 0.015175746924428822 0.01565121412803532
1 0.966133567662566 0.19330022075055187 0.015175746924428822 0.021777041942604856
1 0.8913620386643234 0.1905739514348786 0.005421792618629174 0.008167770419426049
1 0.6139279437609841 0.15450331125827813 0.009753954305799648 0.013609271523178808
1 0.27418277680140596 0.18887417218543046 0.010834797891036908 0.017019867549668874
1 0.0921177504393673 0.2715673289183223 0.006502636203866432 0.008167770419426049
1 0.20725834797891038 0.2892604856512141 0.011379613356766256 0.012251655629139073
1 0.20888400702987697 0.21200883002207507 0.005957820738137083 0.008852097130242825
1 0.2554833040421793 0.11434878587196468 0.007047451669595781 0.009525386313465785
1 0.30046572934973637 0.17219646799116997 0.010298769771528998 0.010894039735099337
1 0.474402460456942 0.034370860927152316 0.010298769771528998 0.01293598233995585
1 0.9035500878734622 0.1276158940397351 0.00812829525483304 0.01020971302428256
1 0.7670035149384886 0.08813465783664459 0.012460456942003515 0.014293598233995584
1 0.6602548330404218 0.9708940397350994 0.005957820738137083 0.007483443708609272
1 0.7057732864674868 0.9688520971302428 0.004876977152899824 0.006125827814569536
1 0.45380492091388397 0.241280353200883 0.007047451669595781 0.01293598233995585