0 0.7233429118773946 0.29762514551804425 0.03442528735632184 0.04542491268917346
0 0.9057758620689655 0.3490221187427241 0.023601532567049808 0.03108265424912689
0 0.6520402298850575 0.4022118742724098 0.029501915708812262 0.03466821885913853
0 0.8782375478927203 0.5277182770663562 0.02163793103448276 0.027497089639115253
0 0.9795402298850575 0.4822933643771828 0.02557471264367816 0.027497089639115253
0 0.2960249042145594 0.5988358556461001 0.03737547892720307 0.05019790454016298
0 0.16669540229885058 0.7613969732246798 0.028524904214559388 0.03825378346915018
0 0.010325670498084291 0.7279278230500582 0.01671455938697318 0.033469150174621654
0 0.3560153256704981 0.6747380675203726 0.02557471264367816 0.03227008149010477
0 0.2414463601532567 0.7607916181606519 0.022624521072796937 0.03466821885913853
0 0.21882183908045977 0.8976600698486613 0.03245210727969349 0.05019790454016298
0 0.06294061302681991 0.8797322467986031 0.03147509578544061 0.03825378346915018
0 0.08015325670498084 0.9054249126891735 0.03442528735632184 0.03466821885913853
0 0.8339846743295019 0.7285215366705471 0.023601532567049808 0.03227008149010477
0 0.7808812260536399 0.9753550640279395 0.03737547892720307 0.043026775320139696
0 0.5477969348659003 0.9580209545983702 0.03147509578544061 0.03944121071012806
0 0.646139846743295 0.7572060535506403 0.03343869731800766 0.03944121071012806
0 0.852183908045977 0.8426775320139698 0.036388888888888894 0.03108265424912689
0 0.6009003831417625 0.9167753201396973 0.023601532567049808 0.033469150174621654
0 0.5536973180076628 0.8904889406286379 0.035402298850574714 0.043026775320139696
0 0.5728735632183909 0.9185681024447031 0.026551724137931033 0.029883585564610012
0 0.09244252873563219 0.8151804423748545 0.02753831417624521 0.033469150174621654
0 0.3043869731800766 0.8366938300349244 0.026551724137931033 0.03108265424912689
0 0.36831417624521073 0.8265424912689173 0.028524904214559388 0.03466821885913853
0 0.443544061302682 0.8695692665890571 0.02753831417624521 0.03466821885913853
0 0.028524904214559388 0.4822933643771828 0.02753831417624521 0.03227008149010477
0 0.10769157088122606 0.4840861466821886 0.028524904214559388 0.033469150174621654
1 0.473544061302682 0.8223515715948777 0.018687739463601534 0.033469150174621654
1 0.6417145593869732 0.5534109429569266 0.01671455938697318 0.01912689173457509
1 0.5861494252873564 0.47273573923166473 0.009837164750957854 0.013143189755529685
1 0.5886111111111111 0.549825378346915 0.01278735632183908 0.02389988358556461
1 0.5718869731800765 0.500221187427241 0.01278735632183908 0.015541327124563445
1 0.7877586206896552 0.7135855646100117 0.015737547892720305 0.02868451688009313
1 0.7916954022988506 0.6801164144353901 0.009837164750957854 0.01912689173457509
1 0.8064463601532567 0.6586030267753201 0.009837164750957854 0.014342258440046565
1 0.8541475095785441 0.6376833527357392 0.018687739463601534 0.020314318975552966
1 0.6018869731800767 0.6221420256111757 0.02753831417624521 0.03705471478463329
1 0.6235249042145594 0.629918509895227 0.013764367816091954 0.016728754365541325
1 0.6500766283524904 0.6328987194412107 0.011800766283524904 0.013143189755529685
1 0.6471264367816092 0.8611990686845169 0.029501915708812262 0.027497089639115253
1 0.5836877394636015 0.7321071012805588 0.010814176245210727 0.015541327124563445
1 0.3402777777777778 0.5635739231664727 0.011800766283524904 0.017927823050058207
1 0.14014367816091955 0.8689639115250292 0.01671455938697318 0.02868451688009313
1 0.2596360153256705 0.8719557625145518 0.015737547892720305 0.027497089639115253
1 0.12195402298850574 0.5904656577415599 0.017701149425287357 0.021513387660069848
1 0.14456896551724138 0.6448544819557624 0.011800766283524904 0.017927823050058207
1 0.21783524904214557 0.5474388824214202 0.014750957854406131 0.01912689173457509
1 0.20554597701149427 0.6400698486612341 0.013764367816091954 0.020314318975552966
1 0.354051724137931 0.6131781140861468 0.015737547892720305 0.01912689173457509
1 0.6672892720306514 0.6717462165308498 0.01278735632183908 0.016728754365541325
1 0.7631800766283525 0.5773224679860303 0.011800766283524904 0.014342258440046565
1 0.7213793103448276 0.4631664726426077 0.024588122605363985 0.03466821885913853
1 0.7956321839080459 0.4583934807916181 0.01966475095785441 0.017927823050058207
1 0.8984003831417624 0.39862630966239815 0.01278735632183908 0.017927823050058207
1 0.9874042145593869 0.43329452852153666 0.015737547892720305 0.017927823050058207
1 0.9569157088122605 0.5325029103608848 0.017701149425287357 0.020314318975552966
1 0.9716762452107279 0.5587892898719441 0.017701149425287357 0.029883585564610012
1 0.911676245210728 0.7745401629802096 0.011800766283524904 0.014342258440046565
1 0.9761015325670498 0.7948661233993015 0.014750957854406131 0.02629802095459837
1 0.9829789272030651 0.8157741559953434 0.014750957854406131 0.013143189755529685
1 0.9937068965517242 0.7500349243306169 0.012586206896551724 0.015541327124563445
1 0.9790517241379311 0.8534342258440046 0.01278735632183908 0.016728754365541325
1 0.7636685823754789 0.7052153667054715 0.014750957854406131 0.021513387660069848
1 0.7749808429118774 0.8827124563445867 0.013764367816091954 0.017927823050058207
0 0.8246455938697318 0.7745401629802096 0.036388888888888894 0.033469150174621654
1 0.9111877394636015 0.8044237485448196 0.010814176245210727 0.014342258440046565
1 0.8723371647509579 0.7291268917345751 0.009837164750957854 0.011955762514551804
1 0.8728352490421456 0.7655762514551805 0.01278735632183908 0.015541327124563445
1 0.46911877394636015 0.6747380675203726 0.011800766283524904 0.015541327124563445
1 0.5900862068965517 0.7727473806752037 0.009837164750957854 0.010756693830034924
1 0.5015708812260536 0.7434691501746217 0.009837164750957854 0.014342258440046565
1 0.5472988505747126 0.6179627473806752 0.010814176245210727 0.014342258440046565
1 0.7966091954022988 0.7458556461001165 0.007863984674329503 0.011955762514551804
1 0.7548180076628352 0.7584051222351572 0.008850574712643678 0.010756693830034924
1 0.7808812260536399 0.8366938300349244 0.011800766283524904 0.014342258440046565
1 0.7887452107279694 0.8534342258440046 0.017701149425287357 0.016728754365541325
1 0.8187452107279694 0.8110011641443539 0.008850574712643678 0.010756693830034924
1 0.4391187739463602 0.7739464493597207 0.008850574712643678 0.010756693830034924
1 0.5718869731800765 0.701036088474971 0.008850574712643678 0.017927823050058207
1 0.7105555555555556 0.4948428405122235 0.010814176245210727 0.01912689173457509
1 0.6741666666666667 0.5181490104772991 0.010814176245210727 0.015541327124563445
1 0.7110536398467433 0.5844935972060535 0.009837164750957854 0.016728754365541325
1 0.49223180076628353 0.42372526193247967 0.01278735632183908 0.020314318975552966
1 0.5182950191570882 0.44285215366705477 0.02163793103448276 0.02509895227008149
1 0.4976340996168582 0.6986379511059372 0.007863984674329503 0.013143189755529685
1 0.6923659003831418 0.8151804423748545 0.011800766283524904 0.009557625145518046
1 0.31766283524904215 0.6335040745052386 0.011800766283524904 0.016728754365541325
1 0.3771647509578544 0.44643771827706635 0.018687739463601534 0.017927823050058207
1 0.3560153256704981 0.46137369033760184 0.013764367816091954 0.014342258440046565
1 0.3506130268199234 0.49006984866123404 0.006886973180076628 0.014342258440046565
1 0.2975 0.5044121071012806 0.008850574712643678 0.011955762514551804
1 0.4278065134099617 0.6317112922002328 0.009837164750957854 0.013143189755529685
1 0.43863026819923373 0.6448544819557624 0.007863984674329503 0.010756693830034924
1 0.30635057471264365 0.741071012805588 0.01671455938697318 0.01912689173457509
1 0.31815134099616854 0.7829103608847496 0.01278735632183908 0.016728754365541325
1 0.38207854406130265 0.8540279394644936 0.010814176245210727 0.013143189755529685
1 0.42043103448275865 0.8528288707799767 0.020651340996168582 0.02509895227008149
1 0.3756896551724138 0.8952619324796275 0.013764367816091954 0.014342258440046565
1 0.42682950191570884 0.7464493597206054 0.009837164750957854 0.015541327124563445
1 0.4174808429118774 0.7058090803259603 0.008850574712643678 0.010756693830034924
1 0.23652298850574713 0.669953434225844 0.010814176245210727 0.015541327124563445
1 0.14063218390804597 0.5653667054714785 0.015737547892720305 0.016728754365541325
1 0.216360153256705 0.4362747380675204 0.017701149425287357 0.02389988358556461
1 0.18046934865900383 0.5671594877764843 0.010814176245210727 0.013143189755529685
1 0.22128352490421457 0.6024214202561118 0.009837164750957854 0.009557625145518046
1 0.26406130268199235 0.6263329452852153 0.008850574712643678 0.011955762514551804
1 0.27881226053639846 0.6753317811408615 0.008850574712643678 0.011955762514551804
1 0.2606226053639846 0.690279394644936 0.013764367816091954 0.015541327124563445
1 0.373227969348659 0.6496391152502909 0.010814176245210727 0.010756693830034924
1 0.549272030651341 0.6908731082654249 0.010814176245210727 0.014342258440046565
1 0.27389846743295015 0.7028288707799767 0.010814176245210727 0.011955762514551804
1 0.28717432950191574 0.6920721769499418 0.009837164750957854 0.011955762514551804
1 0.29061302681992335 0.6544121071012805 0.008850574712643678 0.010756693830034924
1 0.3014367816091954 0.9143888242142026 0.010814176245210727 0.016728754365541325
1 0.3117624521072797 0.9149825378346915 0.007863984674329503 0.015541327124563445
1 0.25569923371647507 0.9556228172293364 0.011800766283524904 0.017927823050058207
1 0.17948275862068966 0.9771478463329453 0.018687739463601534 0.02271245634458673
1 0.20013409961685824 0.9568218859138533 0.008850574712643678 0.010756693830034924
1 0.08654214559386973 0.9888707799767171 0.01966475095785441 0.022258440046565776
1 0.025076628352490422 0.6335040745052386 0.020651340996168582 0.021513387660069848
1 0.25472222222222224 0.9125960419091967 0.007863984674329503 0.008370197904540163
1 0.604837164750958 0.8139813736903376 0.009837164750957854 0.009557625145518046
1 0.541896551724138 0.7918742724097788 0.009837164750957854 0.013143189755529685
1 0.613199233716475 0.8713620488940629 0.01278735632183908 0.014342258440046565
1 0.6431896551724138 0.8910826542491269 0.011800766283524904 0.015541327124563445
1 0.7135057471264368 0.8211525029103609 0.008850574712643678 0.014342258440046565
1 0.6845019157088122 0.8797322467986031 0.011800766283524904 0.011955762514551804
1 0.568448275862069 0.9586146682188592 0.011800766283524904 0.014342258440046565
1 0.6013984674329502 0.9825261932479628 0.008850574712643678 0.011955762514551804
1 0.4283045977011494 0.9024330616996509 0.01278735632183908 0.011955762514551804
1 0.38601532567049807 0.9054249126891735 0.01278735632183908 0.015541327124563445
1 0.5099329501915709 0.8988474970896392 0.01278735632183908 0.014342258440046565
1 0.46075670498084287 0.8671711292200233 0.01278735632183908 0.015541327124563445
1 0.5074712643678161 0.9221536670547148 0.009837164750957854 0.010756693830034924
1 0.4641954022988506 0.8874970896391152 0.005900383141762452 0.010756693830034924
1 0.4769827586206897 0.9831199068684517 0.017701149425287357 0.02509895227008149
1 0.45977011494252873 0.9858789289871944 0.024588122605363985 0.028242142025611178
1 0.5143582375478928 0.9424796274738068 0.009837164750957854 0.013143189755529685
1 0.5094348659003831 0.9932828870779977 0.009837164750957854 0.011955762514551804
1 0.48091954022988503 0.4721303841676368 0.009837164750957854 0.014342258440046565
1 0.8634865900383142 0.4769150174621653 0.011800766283524904 0.016728754365541325
1 0.867911877394636 0.42492433061699647 0.008850574712643678 0.013143189755529685
1 0.8718486590038315 0.4476367869615832 0.008850574712643678 0.008370197904540163
1 0.778419540229885 0.5026193247962747 0.006886973180076628 0.010756693830034924
1 0.7651436781609194 0.409976717112922 0.007863984674329503 0.009557625145518046
1 0.7484195402298851 0.47392316647264265 0.007863984674329503 0.013143189755529685
1 0.7405555555555555 0.4691501746216531 0.007863984674329503 0.013143189755529685
1 0.681551724137931 0.5522235157159487 0.007863984674329503 0.009557625145518046
1 0.6525383141762452 0.6030151338766007 0.008850574712643678 0.013143189755529685
1 0.7022030651340997 0.6508265424912688 0.009837164750957854 0.010756693830034924
1 0.6830268199233717 0.6251338766006985 0.008850574712643678 0.014342258440046565
1 0.6746647509578544 0.6328987194412107 0.009837164750957854 0.013143189755529685
1 0.6235249042145594 0.6860884749708964 0.009837164750957854 0.014342258440046565
1 0.4022413793103448 0.5050058207217695 0.007863984674329503 0.010756693830034924
1 0.2901245210727969 0.549825378346915 0.007863984674329503 0.011955762514551804
1 0.09686781609195402 0.7464493597206054 0.014750957854406131 0.017927823050058207
1 0.07621647509578544 0.7697555296856811 0.01278735632183908 0.016728754365541325
1 0.037863984674329505 0.7763329452852153 0.01278735632183908 0.017927823050058207
1 0.05556513409961686 0.8283352735739231 0.01278735632183908 0.02389988358556461
1 0.022126436781609197 0.8779394644935972 0.014750957854406131 0.013143189755529685
1 0.08506704980842912 0.8737485448195575 0.01671455938697318 0.021513387660069848
1 0.19473180076628355 0.8169732246798602 0.015737547892720305 0.013143189755529685
1 0.216360153256705 0.7763329452852153 0.011800766283524904 0.013143189755529685
1 0.1450670498084291 0.799639115250291 0.01278735632183908 0.011955762514551804
1 0.1632567049808429 0.8014318975552968 0.013764367816091954 0.015541327124563445
1 0.1750574712643678 0.840279394644936 0.011800766283524904 0.021513387660069848
1 0.2881609195402299 0.7273341094295692 0.009837164750957854 0.013143189755529685
1 0.8044827586206896 0.8833178114086147 0.009837164750957854 0.014342258440046565
1 0.7912068965517242 0.8934691501746217 0.010814176245210727 0.013143189755529685
1 0.4863314176245211 0.770360884749709 0.008850574712643678 0.013143189755529685
1 0.5650095785440613 0.8366938300349244 0.008850574712643678 0.009557625145518046
1 0.3255268199233717 0.9735622817229336 0.007863984674329503 0.015541327124563445
1 0.3097988505747126 0.9879045401629802 0.007863984674329503 0.010756693830034924
1 0.24537356321839082 0.8044237485448196 0.006886973180076628 0.009557625145518046
1 0.2139080459770115 0.8528288707799767 0.006886973180076628 0.010756693830034924
1 0.6545019157088122 0.9908847497089639 0.008850574712643678 0.009557625145518046
1 0.3904406130268199 0.7416763678696159 0.007863984674329503 0.010756693830034924
1 0.35798850574712643 0.4189406286379511 0.013764367816091954 0.015541327124563445
1 0.5713984674329502 0.651431897555297 0.007863984674329503 0.011955762514551804
1 0.5600862068965518 0.6436554132712456 0.008850574712643678 0.010756693830034924
1 0.7636685823754789 0.8229452852153667 0.008850574712643678 0.017927823050058207
1 0.7400670498084291 0.8014318975552968 0.01278735632183908 0.017927823050058207
1 0.08556513409961686 0.44046565774156 0.015737547892720305 0.017927823050058207
1 0.05310344827586207 0.41714784633294527 0.011800766283524904 0.014342258440046565
1 0.9249616858237547 0.5564027939464493 0.010814176245210727 0.013143189755529685
1 0.3496264367816092 0.4285098952270081 0.008850574712643678 0.010756693830034924
1 0.3068390804597701 0.42612339930151344 0.007863984674329503 0.010756693830034924
1 0.27783524904214557 0.2528055878928987 0.006886973180076628 0.013143189755529685
1 0.299463601532567 0.26833527357392317 0.010814176245210727 0.015541327124563445
1 0.23799808429118774 0.2581839348079162 0.011800766283524904 0.016728754365541325
1 0.22472222222222224 0.26356228172293367 0.01278735632183908 0.015541327124563445
1 0.22767241379310343 0.09741559953434227 0.010814176245210727 0.013143189755529685
1 0.17456896551724138 0.12131548311990686 0.01278735632183908 0.020314318975552966
1 0.18833333333333332 0.14642607683352735 0.010814176245210727 0.015541327124563445
1 0.0899904214559387 0.25459837019790454 0.01278735632183908 0.011955762514551804
1 0.8074329501915709 0.20080325960419093 0.013764367816091954 0.01912689173457509
1 0.3211015325670498 0.1308847497089639 0.008850574712643678 0.015541327124563445
1 0.3053639846743295 0.17570430733410944 0.010814176245210727 0.011955762514551804
1 0.278323754789272 0.3741210710128056 0.013764367816091954 0.016728754365541325
1 0.3407758620689655 0.38548311990686845 0.01278735632183908 0.017927823050058207
1 0.31471264367816093 0.39563445867287544 0.009837164750957854 0.011955762514551804
1 0.3142241379310345 0.38487776484284053 0.014750957854406131 0.011955762514551804
1 0.12490421455938698 0.36336437718277065 0.02753831417624521 0.03585564610011641
1 0.0860536398467433 0.34842840512223516 0.014750957854406131 0.017927823050058207
1 0.0732662835249042 0.3573923166472643 0.010814176245210727 0.014342258440046565
1 0.09736590038314177 0.36456344586728756 0.013764367816091954 0.014342258440046565
1 0.17800766283524905 0.23846332945285215 0.009837164750957854 0.010756693830034924
1 0.0732662835249042 0.38548311990686845 0.01278735632183908 0.017927823050058207
1 0.07818965517241379 0.40161816065192085 0.010814176245210727 0.011955762514551804
1 0.06343869731800766 0.1278928987194412 0.008850574712643678 0.016728754365541325
1 0.07818965517241379 0.13506402793946448 0.010814176245210727 0.007171129220023283
1 0.03 0.309580908032596 0.010814176245210727 0.011955762514551804
1 0.4278065134099617 0.10817229336437718 0.015737547892720305 0.017927823050058207
1 0.31766283524904215 0.2061816065192084 0.009837164750957854 0.013143189755529685
1 0.3810919540229885 0.07052386495925494 0.01278735632183908 0.02629802095459837
1 0.32798850574712646 0.0579743888242142 0.008850574712643678 0.010756693830034924
1 0.3329022988505747 0.0519906868451688 0.01671455938697318 0.015541327124563445
1 0.37666666666666665 0.15777648428405122 0.013764367816091954 0.014342258440046565
1 0.36191570881226054 0.1649476135040745 0.015737547892720305 0.01912689173457509
1 0.34175287356321843 0.08486612339930152 0.01278735632183908 0.014342258440046565
1 0.33782567049808426 0.09800931315483119 0.010814176245210727 0.014342258440046565
1 0.36290229885057473 0.3382654249126892 0.011800766283524904 0.016728754365541325
1 0.32798850574712646 0.2659487776484284 0.014750957854406131 0.013143189755529685
1 0.4371551724137931 0.3783119906868452 0.008850574712643678 0.010756693830034924
1 0.45436781609195404 0.3549941792782305 0.009837164750957854 0.011955762514551804
1 0.4646934865900383 0.3137601862630966 0.01671455938697318 0.013143189755529685
1 0.549272030651341 0.28986030267753204 0.01278735632183908 0.020314318975552966
1 0.4548563218390805 0.1290919674039581 0.008850574712643678 0.011955762514551804
1 0.47944444444444445 0.11833527357392318 0.008850574712643678 0.014342258440046565
1 0.48583333333333334 0.10338766006984866 0.009837164750957854 0.010756693830034924
1 0.392404214559387 0.24682188591385332 0.011800766283524904 0.017927823050058207
1 0.14728927203065134 0.2659138533178114 0.008553639846743295 0.00849825378346915
1 0.061791187739463606 0.3211757857974389 0.01010536398467433 0.011338766006984866
1 0.004272030651340996 0.31221187427240976 0.008553639846743295 0.01039580908032596
1 0.11270114942528735 0.20026775320139698 0.017097701149425288 0.0170081490104773
1 0.05168582375478927 0.1549243306169965 0.01010536398467433 0.013224679860302678
1 0.06995210727969349 0.17476135040745053 0.007768199233716475 0.011338766006984866
1 0.14184865900383142 0.06281722933643771 0.011657088122605365 0.014167636786961584
1 0.05130268199233717 0.13224679860302677 0.012432950191570882 0.01511059371362049
1 0.08200191570881225 0.03684516880093131 0.01010536398467433 0.0170081490104773
1 0.01981800766283525 0.018416763678696157 0.01010536398467433 0.01039580908032596
1 0.04080459770114943 0.013224679860302678 0.008553639846743295 0.007555296856810245
1 0.28292145593869733 0.31125727590221186 0.007768199233716475 0.00849825378346915
1 0.24211685823754792 0.3159837019790454 0.006992337164750958 0.00849825378346915
1 0.2735919540229885 0.2867054714784633 0.009329501915708813 0.01039580908032596
1 0.26815134099616855 0.2952037252619325 0.009329501915708813 0.014167636786961584
1 0.32916666666666666 0.19838183934807915 0.006992337164750958 0.011338766006984866
1 0.33849616858237547 0.210186263096624 0.006992337164750958 0.00849825378346915
1 0.34782567049808427 0.28244470314318976 0.01010536398467433 0.01511059371362049
1 0.378132183908046 0.25174621653084983 0.011657088122605365 0.016053550640279395
1 0.3816283524904215 0.2781955762514552 0.006216475095785441 0.01039580908032596
1 0.2969061302681993 0.008032596041909198 0.015545977011494252 0.016053550640279395
1 0.5468007662835249 0.03306169965075669 0.01010536398467433 0.01511059371362049
1 0.5211494252873564 0.04912689173457509 0.011657088122605365 0.013224679860302678
1 0.5090996168582376 0.14831199068684517 0.009329501915708813 0.013224679860302678
1 0.4970498084291187 0.14075669383003492 0.008553639846743295 0.011338766006984866
1 0.4954980842911877 0.15728754365541328 0.01010536398467433 0.01039580908032596
1 0.31711685823754787 0.2711175785797439 0.012432950191570882 0.013224679860302678
1 0.35909003831417624 0.35896391152502916 0.012432950191570882 0.01511059371362049
1 0.3835727969348659 0.30464493597206055 0.006992337164750958 0.00849825378346915
1 0.3870689655172414 0.32732246798603026 0.006216475095785441 0.00849825378346915
1 0.42671455938697317 0.239941792782305 0.009329501915708813 0.013224679860302678
1 0.508323754789272 0.21349243306169963 0.01864942528735632 0.02266589057043073
1 0.448860153256705 0.24607683352735737 0.01632183908045977 0.017951105937136204
1 0.47412835249042146 0.290011641443539 0.009329501915708813 0.011338766006984866
1 0.4954980842911877 0.28339930151338766 0.006992337164750958 0.009441210710128056
1 0.4103927203065134 0.2706402793946449 0.009329501915708813 0.01039580908032596
1 0.4391475095785441 0.27348079161816063 0.013994252873563217 0.014167636786961584
1 0.44381226053639844 0.290011641443539 0.012432950191570882 0.0170081490104773
1 0.45624521072796936 0.2923632130384167 0.006216475095785441 0.00849825378346915
1 0.481896551724138 0.31834691501746215 0.007768199233716475 0.007555296856810245
1 0.481896551724138 0.3362980209545984 0.013994252873563217 0.01889406286379511
1 0.5911015325670498 0.021257275902211877 0.013208812260536398 0.014167636786961584
1 0.6486206896551724 0.13980209545983702 0.013208812260536398 0.0170081490104773
1 0.6116954022988506 0.09447031431897555 0.010881226053639847 0.01511059371362049
1 0.6039272030651341 0.13178114086146683 0.013994252873563217 0.014167636786961584
1 0.6113122605363985 0.1431199068684517 0.011657088122605365 0.012281722933643772
1 0.5949904214559386 0.17664726426076835 0.008553639846743295 0.01511059371362049
1 0.6272413793103448 0.059988358556461 0.010881226053639847 0.014167636786961584
1 0.5879885057471265 0.21868451688009313 0.014770114942528735 0.014167636786961584
1 0.5775 0.2692200232828871 0.012432950191570882 0.011338766006984866
1 0.5600095785440613 0.2418277066356228 0.01010536398467433 0.011338766006984866
1 0.5600095785440613 0.16011641443539 0.008553639846743295 0.01039580908032596
1 0.5405842911877394 0.19742724097788125 0.008553639846743295 0.009441210710128056
1 0.6867049808429119 0.2630849825378347 0.011657088122605365 0.016053550640279395
1 0.681264367816092 0.1638998835855646 0.01010536398467433 0.014167636786961584
1 0.6971934865900383 0.13178114086146683 0.007768199233716475 0.012281722933643772
1 0.6478448275862069 0.19223515715948777 0.011657088122605365 0.014167636786961584
1 0.6532854406130268 0.21254947613504077 0.01010536398467433 0.01889406286379511
1 0.6392911877394636 0.24844004656577415 0.017873563218390804 0.0170081490104773
1 0.4776245210727969 0.16011641443539 0.006992337164750958 0.00849825378346915
1 0.6221934865900384 0.1969615832363213 0.01632183908045977 0.012281722933643772
1 0.617911877394636 0.2092433061699651 0.015545977011494252 0.016053550640279395
1 0.6342432950191571 0.2309662398137369 0.006216475095785441 0.012281722933643772
1 0.6272413793103448 0.24466821885913853 0.006216475095785441 0.009441210710128056
1 0.7325574712643678 0.05668218859138533 0.01632183908045977 0.020779976717112923
1 0.6999137931034483 0.026449359720605355 0.013208812260536398 0.01889406286379511
1 0.7049712643678161 0.04959254947613504 0.02331417624521073 0.02550640279394645
1 0.7411111111111112 0.1610593713620489 0.017873563218390804 0.019837019790454016
1 0.6975862068965517 0.1908149010477299 0.008553639846743295 0.011338766006984866
1 0.7321743295019157 0.22341094295692665 0.009329501915708813 0.012281722933643772
1 0.711963601532567 0.2692200232828871 0.015545977011494252 0.0170081490104773
1 0.8343773946360153 0.10391152502910361 0.01632183908045977 0.01889406286379511
1 0.8580842911877395 0.07321303841676367 0.012432950191570882 0.017951105937136204
1 0.9031704980842912 0.08549476135040744 0.010881226053639847 0.012281722933643772
1 0.8510919540229884 0.20263096623981375 0.012432950191570882 0.014167636786961584
1 0.785028735632184 0.22860302677532016 0.007768199233716475 0.009441210710128056
1 0.45314176245210724 0.2030966239813737 0.009329501915708813 0.013224679860302678
1 0.33266283524904217 0.4052502910360885 0.009329501915708813 0.011338766006984866
1 0.4022318007662835 0.3915599534342259 0.008553639846743295 0.00849825378346915
1 0.6167528735632184 0.2862281722933644 0.01010536398467433 0.0170081490104773
1 0.6105363984674329 0.28055878928987193 0.011657088122605365 0.01511059371362049
1 0.5926532567049808 0.2933178114086147 0.014770114942528735 0.016053550640279395
1 0.6023754789272031 0.3032363213038417 0.007768199233716475 0.009441210710128056
1 0.5872126436781608 0.3145634458672875 0.011657088122605365 0.020779976717112923
1 0.5833333333333334 0.3419674039580908 0.011657088122605365 0.02266589057043073
1 0.573227969348659 0.3424330616996507 0.013208812260536398 0.014167636786961584
1 0.10765325670498084 0.36274738067520373 0.01010536398467433 0.01511059371362049
1 0.14340038314176246 0.36132712456344585 0.011657088122605365 0.01039580908032596
1 0.14417624521072797 0.37266589057043076 0.011657088122605365 0.012281722933643772
1 0.6898084291187739 0.3377066356228172 0.011657088122605365 0.014167636786961584
1 0.64977969348659 0.30654249126891736 0.012432950191570882 0.012281722933643772
1 0.6525000000000001 0.3155180442374854 0.008553639846743295 0.007555296856810245
1 0.6447318007662836 0.3584982537834691 0.01010536398467433 0.014167636786961584
1 0.6249137931034483 0.3405471478463329 0.009329501915708813 0.01039580908032596
1 0.5269731800766283 0.35471478463329453 0.006216475095785441 0.00849825378346915
1 0.5289176245210728 0.37172293364377185 0.006992337164750958 0.01039580908032596
0 0.5374712643678161 0.3372409778812573 0.01632183908045977 0.02266589057043073
1 0.549904214559387 0.34810244470314317 0.014770114942528735 0.019837019790454016
1 0.5949904214559386 0.3684167636786962 0.008553639846743295 0.011338766006984866
1 0.6012068965517241 0.3910826542491269 0.011657088122605365 0.013224679860302678
1 0.5911015325670498 0.3972293364377183 0.014770114942528735 0.021722933643771827
1 0.6085919540229885 0.4052502910360885 0.009329501915708813 0.011338766006984866
1 0.6031513409961686 0.4109196740395809 0.010881226053639847 0.009441210710128056
1 0.5627298850574712 0.3268451688009313 0.007768199233716475 0.013224679860302678
1 0.9004501915708812 0.290011641443539 0.01010536398467433 0.013224679860302678
1 0.9198754789272031 0.31125727590221186 0.011657088122605365 0.014167636786961584
1 0.8328256704980843 0.29047729918509896 0.011657088122605365 0.012281722933643772
1 0.97933908045977 0.22577415599534342 0.012432950191570882 0.01511059371362049
1 0.9618486590038314 0.23048894062863795 0.01632183908045977 0.0170081490104773
1 0.9851724137931034 0.2810360884749709 0.014770114942528735 0.019837019790454016
1 0.9742911877394635 0.3140977881257276 0.011657088122605365 0.012281722933643772
1 0.9241570881226054 0.3669965075669383 0.012432950191570882 0.017951105937136204
1 0.9954980842911877 0.33535506402793946 0.009003831417624522 0.013224679860302678
1 0.8374904214559388 0.36416763678696157 0.013208812260536398 0.014167636786961584
1 0.8242816091954023 0.3618044237485448 0.01010536398467433 0.009441210710128056
1 0.8056226053639847 0.36982537834691503 0.006992337164750958 0.012281722933643772
1 0.8747988505747126 0.35471478463329453 0.008553639846743295 0.014167636786961584
1 0.8678065134099617 0.3528288707799767 0.006992337164750958 0.012281722933643772
1 0.7290613026819923 0.3816414435389988 0.012432950191570882 0.013224679860302678
1 0.7446072796934866 0.309848661233993 0.009329501915708813 0.011338766006984866
1 0.9218199233716475 0.5748195576251455 0.017097701149425288 0.019837019790454016
1 0.9962739463601532 0.6083585564610012 0.007442528735632183 0.01889406286379511
1 0.9292049808429119 0.6239348079161816 0.008553639846743295 0.012281722933643772
1 0.9416379310344828 0.5922933643771827 0.019434865900383142 0.02266589057043073
1 0.9377586206896552 0.619685681024447 0.006992337164750958 0.011338766006984866
1 0.9602969348659003 0.6291385331781141 0.011657088122605365 0.011338766006984866
1 0.8961685823754789 0.1369732246798603 0.009329501915708813 0.009441210710128056
1 0.8510919540229884 0.30937136204889404 0.007768199233716475 0.006612339930151339
1 0.8915134099616858 0.3424330616996507 0.007768199233716475 0.014167636786961584
1 0.9369827586206897 0.8001164144353899 0.008553639846743295 0.013224679860302678
1 0.954463601532567 0.4510710128055879 0.007768199233716475 0.00849825378346915
1 0.7041954022988506 0.779802095459837 0.006216475095785441 0.00849825378346915
1 0.9303735632183907 0.007555296856810245 0.012432950191570882 0.01511059371362049
1 0.9031704980842912 0.024563445867287544 0.010881226053639847 0.011338766006984866
1 0.8250574712643678 0.03259604190919674 0.006992337164750958 0.00849825378346915
1 0.6214176245210727 0.0170081490104773 0.006992337164750958 0.009441210710128056
1 0.30157088122605363 0.10154831199068685 0.006216475095785441 0.00849825378346915
1 0.345095785440613 0.2508032596041909 0.0046647509578544065 0.00849825378346915
1 0.4274904214559387 0.3126775320139697 0.0046647509578544065 0.007555296856810245
1 0.5561206896551725 0.6121303841676369 0.006992337164750958 0.007555296856810245
1 0.5320306513409963 0.6688125727590221 0.005440613026819923 0.007555296856810245
1 0.2899137931034483 0.7472176949941793 0.006216475095785441 0.007555296856810245
0 0.8891762452107279 0.989802095459837 0.034195402298850576 0.02039580908032596
1 0.783860153256705 0.8147613504074506 0.006992337164750958 0.00849825378346915
1 0.7869731800766284 0.9304772991850989 0.006992337164750958 0.007555296856810245
1 0.7115708812260536 0.9224447031431897 0.006992337164750958 0.00849825378346915
1 0.6288026819923372 0.9484284051222353 0.007768199233716475 0.007555296856810245
1 0.7558812260536398 0.9753434225844005 0.006992337164750958 0.01039580908032596
1 0.6385153256704981 0.970151338766007 0.006992337164750958 0.009441210710128056
1 0.8056226053639847 0.970151338766007 0.006992337164750958 0.01511059371362049
1 0.7177969348659003 0.9959371362048894 0.006992337164750958 0.008114086146682188
1 0.6668869731800766 0.989988358556461 0.006216475095785441 0.009441210710128056
1 0.6824329501915709 0.9876251455180443 0.007768199233716475 0.00849825378346915
1 0.7764750957854406 0.9271711292200233 0.007768199233716475 0.00849825378346915
1 0.33188697318007665 0.5318393480791619 0.006216475095785441 0.009441210710128056
1 0.6385153256704981 0.30654249126891736 0.006992337164750958 0.00849825378346915
1 0.46090996168582377 0.7122700814901048 0.006216475095785441 0.005669383003492433
1 0.5370785440613027 0.6433061699650757 0.0046647509578544065 0.005669383003492433
1 0.024875478927203064 0.7254947613504075 0.007768199233716475 0.009441210710128056
1 0.441867816091954 0.4340628637951106 0.005440613026819923 0.006612339930151339