1 0.10480650154798761 0.4246101364522417 0.010208978328173374 0.01087719298245614
1 0.12835913312693498 0.3316764132553606 0.008637770897832818 0.01087719298245614
1 0.10323529411764705 0.31141325536062375 0.008637770897832818 0.01186159844054581
1 0.10952012383900929 0.3000389863547758 0.007066563467492261 0.01087719298245614
1 0.061238390092879263 0.34749512670565297 0.009419504643962849 0.012855750487329435
1 0.01923374613003096 0.3415692007797271 0.008637770897832818 0.012855750487329435
1 0.008243034055727554 0.2866959064327485 0.007066563467492261 0.00790448343079922
1 0.02198142414860681 0.37567251461988305 0.006277089783281733 0.005935672514619883
1 0.009024767801857585 0.4073099415204678 0.005495356037151703 0.00790448343079922
1 0.06869195046439629 0.45921052631578946 0.008637770897832818 0.008898635477582847
1 0.25239938080495355 0.3104288499025341 0.011772445820433438 0.019775828460038985
1 0.20529411764705882 0.291150097465887 0.008637770897832818 0.008898635477582847
1 0.13974458204334367 0.567953216374269 0.009419504643962849 0.012855750487329435
1 0.006277089783281733 0.5590643274853802 0.006277089783281733 0.01087719298245614
1 0.061238390092879263 0.5862475633528266 0.006277089783281733 0.00790448343079922
1 0.05063467492260062 0.6015692007797271 0.007066563467492261 0.008898635477582847
1 0.060843653250773996 0.6238109161793373 0.008637770897832818 0.00790448343079922
1 0.17703560371517027 0.5783333333333334 0.013343653250773992 0.021744639376218323
1 0.049063467492260066 0.5289083820662768 0.005495356037151703 0.005935672514619883
1 0.11304953560371517 0.5457115009746588 0.006277089783281733 0.00790448343079922
1 0.15505417956656348 0.50864522417154 0.005495356037151703 0.006920077972709551
1 0.2410139318885449 0.5269298245614035 0.006277089783281733 0.013840155945419102
1 0.11265479876160991 0.6865886939571151 0.007066563467492261 0.012855750487329435
1 0.10166408668730649 0.7281091617933723 0.010208978328173374 0.01087719298245614
1 0.11226780185758514 0.7122904483430799 0.006277089783281733 0.008898635477582847
1 0.169969040247678 0.683625730994152 0.007066563467492261 0.008898635477582847
1 0.3450386996904025 0.5585672514619884 0.008637770897832818 0.009883040935672514
1 0.19195046439628483 0.8027485380116959 0.008637770897832818 0.009883040935672514
1 0.06359133126934985 0.6875828460038986 0.00784829721362229 0.01878167641325536
1 0.03257739938080496 0.7137816764132554 0.005495356037151703 0.00790448343079922
1 0.04671052631578947 0.6826413255360624 0.007066563467492261 0.008898635477582847
1 0.05770123839009288 0.7553021442495127 0.008637770897832818 0.00790448343079922
1 0.015309597523219816 0.8536647173489279 0.007066563467492261 0.008898635477582847
1 0.07301083591331269 0.7404678362573099 0.009419504643962849 0.0158187134502924
1 0.05613003095975232 0.7113060428849902 0.005495356037151703 0.006920077972709551
1 0.06359133126934985 0.7404678362573099 0.006277089783281733 0.00790448343079922
1 0.05338235294117647 0.777046783625731 0.00784829721362229 0.009883040935672514
1 0.06791021671826625 0.7721052631578947 0.005495356037151703 0.005935672514619883
1 0.07222910216718266 0.7805068226120857 0.015704334365325076 0.01878167641325536
1 0.18920278637770896 0.7785282651072124 0.010990712074303405 0.012855750487329435
1 0.2155030959752322 0.7834795321637427 0.005495356037151703 0.006920077972709551
1 0.2539705882352941 0.7869395711500975 0.007066563467492261 0.00790448343079922
1 0.26770897832817336 0.8240058479532163 0.009419504643962849 0.012855750487329435
1 0.21628482972136223 0.7162475633528265 0.007066563467492261 0.008898635477582847
1 0.1876315789473684 0.8452631578947368 0.006277089783281733 0.00790448343079922
1 0.2618188854489164 0.6776900584795321 0.007066563467492261 0.008898635477582847
1 0.22099845201238388 0.6964814814814815 0.008637770897832818 0.01087719298245614
1 0.21353715170278637 0.6861013645224172 0.006277089783281733 0.005935672514619883
1 0.19077399380804952 0.7043859649122808 0.006277089783281733 0.008898635477582847
1 0.19862229102167184 0.6989473684210527 0.006277089783281733 0.00790448343079922
1 0.2410139318885449 0.7192105263157894 0.006277089783281733 0.008898635477582847
1 0.2771284829721362 0.7370077972709551 0.00784829721362229 0.008898635477582847
1 0.2783049535603715 0.6969688109161793 0.007066563467492261 0.009883040935672514
1 0.2472987616099071 0.6989473684210527 0.006277089783281733 0.00790448343079922
1 0.2618188854489164 0.732066276803119 0.005495356037151703 0.008898635477582847
1 0.30460526315789477 0.7162475633528265 0.00784829721362229 0.006920077972709551
1 0.3010758513931889 0.6658284600389863 0.008637770897832818 0.01087719298245614
1 0.3104953560371517 0.6579239766081871 0.008637770897832818 0.008898635477582847
1 0.3442569659442724 0.6717641325536062 0.007066563467492261 0.008898635477582847
1 0.3328715170278638 0.813625730994152 0.009419504643962849 0.009883040935672514
1 0.3273761609907121 0.8057212475633528 0.00784829721362229 0.009883040935672514
1 0.2881191950464396 0.7676608187134503 0.009419504643962849 0.01087719298245614
1 0.3199148606811145 0.8803606237816765 0.010208978328173374 0.01087719298245614
1 0.23866099071207433 0.9347368421052631 0.009419504643962849 0.008898635477582847
1 0.15308823529411764 0.9678557504873294 0.00784829721362229 0.009883040935672514
1 0.16329721362229102 0.9821832358674464 0.018839009287925697 0.008898635477582847
1 0.2155030959752322 0.9406627680311891 0.005495356037151703 0.008898635477582847
1 0.26770897832817336 0.9258382066276802 0.00784829721362229 0.01087719298245614
1 0.22374613003095975 0.9967738791423002 0.004713622291021672 0.006442495126705653
1 0.3752631578947368 0.8798635477582846 0.006277089783281733 0.00790448343079922
1 0.31520897832817335 0.8581189083820663 0.007066563467492261 0.013840155945419102
1 0.3171671826625387 0.9900974658869396 0.00784829721362229 0.008898635477582847
1 0.32619969040247676 0.9821832358674464 0.005495356037151703 0.008898635477582847
1 0.30892414860681117 0.6030506822612086 0.010208978328173374 0.0158187134502924
1 0.2806656346749226 0.4478460038986355 0.005495356037151703 0.00790448343079922
1 0.2751702786377709 0.440916179337232 0.010208978328173374 0.013840155945419102
1 0.21864551083591333 0.46217348927875246 0.007066563467492261 0.008898635477582847
1 0.24965170278637772 0.4898538011695906 0.006277089783281733 0.01087719298245614
1 0.2355185758513932 0.43449317738791426 0.006277089783281733 0.008898635477582847
1 0.2390557275541796 0.45525341130604285 0.005495356037151703 0.006920077972709551
1 0.24023219814241487 0.4226315789473684 0.012561919504643963 0.014824561403508773
1 0.3619195046439629 0.4166959064327485 0.009419504643962849 0.01087719298245614
1 0.15937306501547988 0.43499025341130604 0.006277089783281733 0.009883040935672514
1 0.22806501547987618 0.5892105263157894 0.007066563467492261 0.00790448343079922
1 0.21589783281733746 0.5887231968810915 0.004713622291021672 0.008898635477582847
1 0.2472987616099071 0.5773489278752437 0.006277089783281733 0.00790448343079922
1 0.31403250773993807 0.6262865497076023 0.006277089783281733 0.008898635477582847
1 0.029047987616099072 0.6608869395711502 0.00784829721362229 0.01087719298245614
1 0.031795665634674924 0.6529824561403509 0.007066563467492261 0.008898635477582847
1 0.05260061919504643 0.46662768031189084 0.006277089783281733 0.00790448343079922
1 0.19509287925696595 0.4186744639376218 0.008637770897832818 0.01087719298245614
1 0.19352167182662539 0.6510038986354776 0.008637770897832818 0.008898635477582847
1 0.37565789473684214 0.6747270955165692 0.005495356037151703 0.008898635477582847
1 0.4043111455108359 0.40483430799220277 0.006277089783281733 0.006920077972709551
1 0.3893962848297214 0.43894736842105264 0.006277089783281733 0.00790448343079922
1 0.3654489164086687 0.40335282651072124 0.007066563467492261 0.009883040935672514
1 0.4317879256965944 0.6969688109161793 0.009419504643962849 0.01186159844054581
1 0.45338235294117646 0.6856042884990253 0.008637770897832818 0.01087719298245614
1 0.4435681114551084 0.678187134502924 0.009419504643962849 0.01186159844054581
1 0.4255108359133127 0.6762085769980506 0.00784829721362229 0.009883040935672514
1 0.46280185758513936 0.5808089668615984 0.007066563467492261 0.008898635477582847
1 0.4851780185758514 0.5541130604288499 0.009419504643962849 0.008898635477582847
1 0.42001547987616095 0.7380019493177389 0.00784829721362229 0.008898635477582847
1 0.4490634674922601 0.7483820662768031 0.00784829721362229 0.00790448343079922
1 0.468297213622291 0.7533235867446394 0.007066563467492261 0.01186159844054581
1 0.5087306501547988 0.6544639376218324 0.009419504643962849 0.01186159844054581
1 0.5295356037151703 0.7622222222222221 0.008637770897832818 0.01186159844054581
1 0.413343653250774 0.793859649122807 0.007066563467492261 0.009883040935672514
1 0.41255417956656343 0.6109649122807018 0.005495356037151703 0.00790448343079922
1 0.5263931888544892 0.9898538011695907 0.013343653250773992 0.020282651072124756
1 0.564078947368421 0.6742300194931774 0.008637770897832818 0.0158187134502924
1 0.584094427244582 0.8195614035087719 0.00784829721362229 0.009883040935672514
1 0.5680030959752322 0.8126413255360624 0.011772445820433438 0.013840155945419102
1 0.5750696594427245 0.8477387914230019 0.007066563467492261 0.008898635477582847
1 0.4109829721362229 0.7805068226120857 0.008637770897832818 0.008898635477582847
1 0.3426857585139319 0.7078460038986355 0.005495356037151703 0.00790448343079922
1 0.3002941176470588 0.7276218323586744 0.005495356037151703 0.00790448343079922
1 0.3207043343653251 0.644083820662768 0.007066563467492261 0.012855750487329435
1 0.49145510835913314 0.5773489278752437 0.00784829721362229 0.009883040935672514
1 0.6370897832817337 0.6841228070175438 0.008637770897832818 0.00790448343079922
1 0.38390092879256965 0.5664717348927876 0.006277089783281733 0.00790448343079922
1 0.41020123839009287 0.6514912280701753 0.008637770897832818 0.00790448343079922
1 0.5075541795665635 0.5195126705653021 0.010208978328173374 0.01087719298245614
1 0.5471981424148606 0.50864522417154 0.006277089783281733 0.008898635477582847
1 0.5719272445820434 0.5412670565302145 0.010208978328173374 0.012855750487329435
1 0.5636842105263158 0.5437329434697856 0.00784829721362229 0.013840155945419102
1 0.5613312693498452 0.5165497076023392 0.010990712074303405 0.01087719298245614
1 0.6814473684210526 0.5471929824561403 0.00784829721362229 0.006920077972709551
1 0.7148065015479876 0.6134307992202729 0.007066563467492261 0.01087719298245614
1 0.6892956656346749 0.711803118908382 0.00784829721362229 0.009883040935672514
1 0.677515479876161 0.7014230019493177 0.006277089783281733 0.008898635477582847
1 0.687329721362229 0.7014230019493177 0.005495356037151703 0.008898635477582847
1 0.5338467492260062 0.8353801169590643 0.00784829721362229 0.009883040935672514
1 0.510688854489164 0.8511988304093567 0.005495356037151703 0.00790448343079922
1 0.6614241486068111 0.7815009746588695 0.007066563467492261 0.014824561403508773
1 0.6563235294117648 0.808187134502924 0.00784829721362229 0.01087719298245614
1 0.6527863777089783 0.8210428849902534 0.008637770897832818 0.016803118908382066
1 0.6127476780185758 0.7958284600389863 0.005495356037151703 0.009883040935672514
1 0.6586764705882353 0.8437816764132554 0.006277089783281733 0.01087719298245614
1 0.8251160990712074 0.6089863547758285 0.010990712074303405 0.01186159844054581
1 0.8486687306501548 0.559551656920078 0.009419504643962849 0.01186159844054581
1 0.639047987616099 0.8670077972709551 0.006277089783281733 0.00790448343079922
1 0.6217801857585139 0.8823391812865496 0.00784829721362229 0.01087719298245614
1 0.8451315789473685 0.7464035087719297 0.008637770897832818 0.009883040935672514
1 0.8286455108359132 0.678187134502924 0.008637770897832818 0.009883040935672514
1 0.4595820433436532 0.3985672514619883 0.010472136222910216 0.018460038986354777
1 0.5726470588235294 0.40164717348927875 0.009071207430340558 0.008791423001949317
1 0.5768343653250774 0.46667641325536063 0.0076780185758513935 0.008791423001949317
1 0.44248452012383904 0.3150779727095516 0.006981424148606811 0.009668615984405458
1 0.5196052631578948 0.30365497076023396 0.0076780185758513935 0.009668615984405458
1 0.4868034055727555 0.30145224171539964 0.0076780185758513935 0.010545808966861598
1 0.43934210526315787 0.24784600389863548 0.010472136222910216 0.0158187134502924
1 0.2645123839009288 0.25003898635477584 0.015356037151702787 0.01669590643274854
1 0.5771826625386998 0.2768421052631579 0.009767801857585138 0.012300194931773879
1 0.5426393188854489 0.26717348927875245 0.0076780185758513935 0.008791423001949317
1 0.5136764705882353 0.43196881091617934 0.006981424148606811 0.009668615984405458
1 0.47458978328173373 0.4411890838206628 0.005580495356037152 0.00702729044834308
1 0.4815712074303406 0.4469103313840156 0.005580495356037152 0.007914230019493177
1 0.5094891640866873 0.42142300194931775 0.005580495356037152 0.007914230019493177
1 0.3322136222910217 0.25399610136452244 0.008374613003095976 0.012300194931773879
1 0.34547213622291023 0.28167641325536064 0.008374613003095976 0.009668615984405458
1 0.3953792569659443 0.2983723196881092 0.0076780185758513935 0.009668615984405458
1 0.3904876160990712 0.19950292397660818 0.010472136222910216 0.012300194931773879
1 0.2851006191950465 0.3924171539961014 0.006284829721362228 0.007914230019493177
1 0.28475232198142414 0.4051559454191033 0.005580495356037152 0.00702729044834308
1 0.4334133126934985 0.3638499025341131 0.009767801857585138 0.010545808966861598
1 0.4208513931888545 0.3581384015594542 0.008374613003095976 0.009668615984405458
1 0.4208513931888545 0.30409356725146197 0.008374613003095976 0.010545808966861598
1 0.6162693498452012 0.17269980506822613 0.006981424148606811 0.007914230019493177
1 0.6769891640866873 0.18807992202729046 0.011168730650154798 0.010545808966861598
1 0.6459287925696594 0.3308966861598441 0.0076780185758513935 0.007914230019493177
1 0.6832739938080495 0.3295808966861598 0.006981424148606811 0.010545808966861598
1 0.766671826625387 0.3185867446393762 0.013258513931888543 0.01669590643274854
1 0.723405572755418 0.32869395711500976 0.0076780185758513935 0.010545808966861598
1 0.7303792569659443 0.3594541910331384 0.0076780185758513935 0.008791423001949317
1 0.7582972136222911 0.4614035087719298 0.0076780185758513935 0.010545808966861598
1 0.7380572755417957 0.4139473684210526 0.0076780185758513935 0.012300194931773879
1 0.7045588235294117 0.4671247563352826 0.0076780185758513935 0.007914230019493177
1 0.8458900928792571 0.36209551656920075 0.009767801857585138 0.008791423001949317
1 0.8423993808049537 0.4284502923976608 0.008374613003095976 0.01142300194931774
1 0.7603947368421052 0.1625925925925926 0.006284829721362228 0.00702729044834308
1 0.7746981424148607 0.17445419103313842 0.006981424148606811 0.007914230019493177
1 0.71328173374613 0.21532163742690058 0.008374613003095976 0.010545808966861598
1 0.7209597523219814 0.1507309941520468 0.006981424148606811 0.009668615984405458
1 0.7478328173374613 0.22542884990253412 0.010472136222910216 0.01142300194931774
1 0.812391640866873 0.25795321637426905 0.018142414860681116 0.018460038986354777
1 0.8469349845201238 0.211812865497076 0.010472136222910216 0.014064327485380116
1 0.8089009287925696 0.16038986354775828 0.009767801857585138 0.014941520467836257
1 0.8842724458204334 0.13183235867446394 0.008374613003095976 0.012300194931773879
1 0.8696207430340557 0.08656920077972709 0.006981424148606811 0.01142300194931774
1 0.9212616099071207 0.27596491228070175 0.008374613003095976 0.010545808966861598
1 0.6445356037151703 0.08348927875243664 0.010472136222910216 0.014064327485380116
1 0.5663699690402477 0.16786549707602338 0.013258513931888543 0.0158187134502924
1 0.5388003095975232 0.14721247563352827 0.006981424148606811 0.007914230019493177
1 0.5339164086687307 0.17753411306042885 0.005580495356037152 0.008791423001949317
1 0.5056501547987615 0.21269005847953215 0.011865325077399382 0.014064327485380116
1 0.5115789473684211 0.19203703703703703 0.008374613003095976 0.013187134502923976
1 0.5161145510835914 0.18412280701754385 0.009071207430340558 0.013187134502923976
1 0.34756965944272444 0.3093664717348928 0.008374613003095976 0.010545808966861598
1 0.36292569659442725 0.2887134502923977 0.006981424148606811 0.007914230019493177
1 0.35071207430340556 0.36780701754385964 0.0076780185758513935 0.01142300194931774
1 0.5028560371517028 0.15292397660818713 0.011865325077399382 0.012300194931773879
1 0.47424148606811145 0.22850877192982455 0.010472136222910216 0.012300194931773879
1 0.4721517027863777 0.2504775828460039 0.009071207430340558 0.010545808966861598
1 0.49168730650154796 0.22323586744639376 0.013258513931888543 0.021091617933723196
1 0.37479102167182665 0.18280701754385964 0.012561919504643963 0.014064327485380116
1 0.3894427244582044 0.11161793372319688 0.006981424148606811 0.010545808966861598
1 0.4281811145510836 0.08085769980506823 0.006284829721362228 0.008791423001949317
1 0.44248452012383904 0.10151072124756336 0.006981424148606811 0.009668615984405458
1 0.4609829721362229 0.08085769980506823 0.006284829721362228 0.008791423001949317
1 0.47250000000000003 0.040867446393762184 0.008374613003095976 0.01142300194931774
1 0.4644736842105263 0.06723196881091618 0.0076780185758513935 0.009668615984405458
1 0.40410216718266256 0.07690058479532165 0.005580495356037152 0.007914230019493177
1 0.3189551083591331 0.12216374269005849 0.008374613003095976 0.008791423001949317
1 0.348266253869969 0.08437621832358674 0.005580495356037152 0.00702729044834308
1 0.3391950464396285 0.13139376218323587 0.005580495356037152 0.0061500974658869395
1 0.3081346749226006 0.1182066276803119 0.009071207430340558 0.007914230019493177
1 0.3011532507739938 0.1441325536062378 0.006284829721362228 0.00702729044834308
1 0.44423374613003097 0.13446393762183237 0.011865325077399382 0.014064327485380116
1 0.46482198142414854 0.12347953216374269 0.009767801857585138 0.013187134502923976
1 0.47599071207430343 0.11908382066276804 0.005580495356037152 0.0061500974658869395
1 0.41875386996904024 0.1375438596491228 0.009767801857585138 0.01142300194931774
1 0.42119969040247685 0.15644249512670563 0.009071207430340558 0.010545808966861598
1 0.46412538699690403 0.15688109161793373 0.011168730650154798 0.014941520467836257
1 0.4560990712074303 0.16874269005847953 0.009071207430340558 0.010545808966861598
1 0.4407430340557276 0.18104288499025342 0.010472136222910216 0.008791423001949317
1 0.6106888544891641 0.07382066276803119 0.009767801857585138 0.0158187134502924
1 0.6553560371517028 0.11601364522417154 0.008374613003095976 0.014064327485380116
1 0.6944349845201239 0.2386159844054581 0.008374613003095976 0.01142300194931774
1 0.6330185758513932 0.1560038986354776 0.008374613003095976 0.014941520467836257
1 0.6235990712074304 0.14369395711500976 0.009071207430340558 0.013187134502923976
1 0.8689241486068112 0.2030214424951267 0.012561919504643963 0.024610136452241714
1 0.7855185758513932 0.05097465886939571 0.010472136222910216 0.014064327485380116
1 0.6874613003095975 0.09930799220272904 0.006981424148606811 0.010545808966861598
1 0.24392414860681114 0.09536062378167642 0.009071207430340558 0.013187134502923976
1 0.6944349845201239 0.2205945419103314 0.008374613003095976 0.010545808966861598
1 0.665123839009288 0.24388888888888888 0.006981424148606811 0.007914230019493177
1 0.7237538699690402 0.05712475633528265 0.006981424148606811 0.010545808966861598
1 0.7569040247678018 0.06854775828460039 0.004883900928792569 0.00702729044834308
1 0.7398065015479877 0.2544346978557505 0.005580495356037152 0.009668615984405458
1 0.7527167182662539 0.2597076023391813 0.011865325077399382 0.01669590643274854
1 0.64 0.45437621832358677 0.009767801857585138 0.010545808966861598
1 0.5716021671826625 0.04745614035087719 0.008374613003095976 0.010545808966861598
1 0.6267414860681114 0.04043859649122807 0.011168730650154798 0.012319688109161795
1 0.6546594427244582 0.02594541910331384 0.008374613003095976 0.01669590643274854
1 0.7467801857585139 0.33223196881091616 0.005580495356037152 0.00702729044834308
1 0.772608359133127 0.28433723196881094 0.006981424148606811 0.007914230019493177
1 0.64 0.4754873294346979 0.008374613003095976 0.010545808966861598
1 0.5576470588235294 0.15162768031189083 0.005580495356037152 0.009668615984405458
1 0.5733513931888545 0.12085769980506822 0.009071207430340558 0.01142300194931774
1 0.5555495356037151 0.12833333333333333 0.005580495356037152 0.008791423001949317
1 0.6647755417956657 0.16876218323586745 0.006284829721362228 0.008791423001949317
1 0.9442956656346749 0.4706530214424951 0.009767801857585138 0.013187134502923976
1 0.24776315789473685 0.3454191033138401 0.006981424148606811 0.00702729044834308
1 0.9184752321981424 0.5453411306042885 0.008374613003095976 0.014941520467836257
1 0.9184752321981424 0.5255653021442496 0.025123839009287927 0.02284600389863548
1 0.9006733746130031 0.707056530214425 0.0076780185758513935 0.01142300194931774
1 0.8420510835913313 0.6648635477582846 0.009071207430340558 0.009668615984405458
1 0.8458900928792571 0.7852729044834309 0.009767801857585138 0.009668615984405458
1 0.8064551083591331 0.7219980506822612 0.0076780185758513935 0.009668615984405458
1 0.7952863777089784 0.7321052631578947 0.006284829721362228 0.008791423001949317
1 0.8211145510835914 0.6472904483430799 0.006284829721362228 0.007914230019493177
1 0.8891640866873065 0.8472319688109162 0.009767801857585138 0.012300194931773879
1 0.8312306501547988 0.8481091617933723 0.011168730650154798 0.012300194931773879
1 0.7136300309597523 0.8867836257309942 0.006284829721362228 0.008791423001949317
1 0.5210061919504644 0.8709649122807017 0.011865325077399382 0.017573099415204678
1 0.6382585139318886 0.6428947368421053 0.0076780185758513935 0.009668615984405458
1 0.6469814241486068 0.6376218323586745 0.008374613003095976 0.009668615984405458
1 0.575092879256966 0.7444054580896686 0.005580495356037152 0.008791423001949317
1 0.5210061919504644 0.7457212475633528 0.010472136222910216 0.013187134502923976
1 0.4909907120743034 0.7386939571150097 0.004883900928792569 0.007914230019493177
1 0.5248452012383901 0.6367446393762183 0.006981424148606811 0.0061500974658869395
1 0.5702089783281734 0.6912378167641325 0.015356037151702787 0.014941520467836257
1 0.6127786377708979 0.6591520467836257 0.006981424148606811 0.00702729044834308
1 0.7596981424148607 0.6283918128654971 0.009071207430340558 0.010545808966861598
1 0.554156346749226 0.6521247563352827 0.005580495356037152 0.008791423001949317
1 0.5946362229102167 0.6112573099415205 0.0446671826625387 0.04833333333333334
1 0.3604798761609907 0.8230604288499026 0.006284829721362228 0.007914230019493177
1 0.32802631578947367 0.8498732943469786 0.005580495356037152 0.008791423001949317
1 0.8957894736842105 0.8951267056530214 0.0076780185758513935 0.009668615984405458
1 0.37827399380804955 0.7523099415204678 0.004187306501547988 0.00702729044834308
1 0.37827399380804955 0.7444054580896686 0.006981424148606811 0.010545808966861598
1 0.3897910216718266 0.7241910331384015 0.009071207430340558 0.010545808966861598
1 0.40061145510835916 0.7153996101364523 0.008374613003095976 0.010545808966861598
1 0.3409365325077399 0.6178460038986354 0.006284829721362228 0.00702729044834308
1 0.3322136222910217 0.6165302144249513 0.006981424148606811 0.007914230019493177
1 0.6494195046439628 0.5453411306042885 0.0076780185758513935 0.009668615984405458
1 0.6445356037151703 0.5857699805068226 0.009071207430340558 0.014941520467836257
1 0.6476780185758514 0.5642397660818713 0.008374613003095976 0.012300194931773879
1 0.8343730650154799 0.4622904483430799 0.0076780185758513935 0.008791423001949317
1 0.16820433436532506 0.06899610136452242 0.008374613003095976 0.01142300194931774
1 0.1479643962848297 0.08525341130604289 0.006981424148606811 0.012300194931773879
1 0.12562693498452013 0.03603313840155945 0.008374613003095976 0.012300194931773879
1 0.12318111455108359 0.09667641325536062 0.006284829721362228 0.010545808966861598
1 0.25683436532507736 0.15248538011695906 0.008374613003095976 0.009668615984405458
1 0.27428792569659444 0.08700779727095516 0.009767801857585138 0.010545808966861598
1 0.4218962848297214 0.013625730994152048 0.009071207430340558 0.01142300194931774
1 0.38490712074303407 0.009230019493177389 0.009071207430340558 0.014941520467836257
1 0.29906346749226004 0.0061500974658869395 0.009071207430340558 0.010545808966861598
1 0.31476780185758513 0.04174463937621832 0.006981424148606811 0.009668615984405458
1 0.06525541795665635 0.0035185185185185185 0.0076780185758513935 0.00702729044834308
1 0.0970123839009288 0.021091617933723196 0.006981424148606811 0.008791423001949317
1 0.081656346749226 0.04657894736842105 0.005580495356037152 0.008791423001949317
1 0.1333049535603715 0.07162768031189083 0.009767801857585138 0.01142300194931774
1 0.13575077399380803 0.06152046783625731 0.009071207430340558 0.012300194931773879
1 0.17587461300309598 0.15775828460038988 0.006981424148606811 0.013187134502923976
1 0.28440402476780186 0.10766081871345029 0.010472136222910216 0.01669590643274854
1 0.2746362229102167 0.11997076023391813 0.009071207430340558 0.013187134502923976
1 0.2788235294117647 0.158635477582846 0.009071207430340558 0.013187134502923976
1 0.23973684210526316 0.19643274853801168 0.0076780185758513935 0.009668615984405458
1 0.24392414860681114 0.18939571150097465 0.009071207430340558 0.01142300194931774
1 0.30674148606811147 0.2526803118908382 0.006284829721362228 0.009668615984405458
1 0.2519504643962848 0.035155945419103315 0.023730650154798763 0.04745614035087719
1 0.013606811145510834 0.11337231968810915 0.0076780185758513935 0.008791423001949317
1 0.11027089783281734 0.1182066276803119 0.015356037151702787 0.013187134502923976
1 0.14202786377708979 0.18632553606237814 0.0076780185758513935 0.012300194931773879
1 0.0781656346749226 0.14062378167641326 0.009767801857585138 0.010545808966861598
1 0.03698916408668731 0.1498440545808967 0.006981424148606811 0.01142300194931774
1 0.04397058823529412 0.18587719298245614 0.011168730650154798 0.013187134502923976
1 0.0059287925696594425 0.1889571150097466 0.009071207430340558 0.014064327485380116
1 0.004187306501547988 0.2166374269005848 0.008374613003095976 0.009668615984405458
1 0.04885448916408668 0.1498440545808967 0.006981424148606811 0.007914230019493177
1 0.11202012383900928 0.16038986354775828 0.0076780185758513935 0.007914230019493177
1 0.03140866873065015 0.16522417153996102 0.005580495356037152 0.00702729044834308
1 0.06490712074303405 0.20125730994152047 0.005580495356037152 0.008791423001949317
1 0.06874613003095975 0.21356725146198832 0.004883900928792569 0.00702729044834308
1 0.1455185758513932 0.22147173489278751 0.009071207430340558 0.012300194931773879
1 0.13191176470588237 0.2201559454191033 0.005580495356037152 0.009668615984405458
1 0.10399380804953562 0.24301169590643276 0.006981424148606811 0.007914230019493177
1 0.16506191950464397 0.20873294346978558 0.006284829721362228 0.009668615984405458
1 0.1755263157894737 0.20873294346978558 0.006284829721362228 0.007914230019493177
1 0.19890866873065016 0.21356725146198832 0.006981424148606811 0.010545808966861598
1 0.2540479876160991 0.22630604288499026 0.008374613003095976 0.007914230019493177
1 0.2132198142414861 0.25311890838206624 0.010472136222910216 0.0158187134502924
1 0.23240712074303405 0.27421052631578946 0.008374613003095976 0.012300194931773879
1 0.19437306501547988 0.2298245614035088 0.013258513931888543 0.013187134502923976
1 0.21530959752321982 0.21927875243664716 0.0076780185758513935 0.007914230019493177
1 0.1818111455108359 0.21927875243664716 0.010472136222910216 0.01142300194931774
1 0.17378482972136222 0.2298245614035088 0.006981424148606811 0.009668615984405458
1 0.16855263157894737 0.22192007797270955 0.004883900928792569 0.007914230019493177
1 0.204140866873065 0.04570175438596491 0.004883900928792569 0.00702729044834308
1 0.2191486068111455 0.0338401559454191 0.005580495356037152 0.007914230019493177
1 0.2201934984520124 0.08876218323586745 0.006284829721362228 0.00702729044834308
1 0.23240712074303405 0.24960038986354774 0.006981424148606811 0.008791423001949317
1 0.22543343653250772 0.25003898635477584 0.005580495356037152 0.009668615984405458
1 0.3179024767801858 0.15555555555555556 0.0076780185758513935 0.010545808966861598
1 0.27707430340557276 0.2065302144249513 0.011168730650154798 0.0158187134502924
1 0.2858049535603715 0.18720272904483432 0.0076780185758513935 0.012300194931773879
1 0.3601315789473684 0.11864522417153997 0.005580495356037152 0.00702729044834308
1 0.40968266253869967 0.18632553606237814 0.006981424148606811 0.008791423001949317
1 0.4369040247678019 0.19950292397660818 0.005580495356037152 0.008791423001949317
1 0.39083591331269346 0.16038986354775828 0.005580495356037152 0.009668615984405458
1 0.38211300309597523 0.16698830409356727 0.006284829721362228 0.00702729044834308
1 0.5028560371517028 0.1129337231968811 0.0076780185758513935 0.009668615984405458
1 0.54578173374613 0.04789473684210526 0.005580495356037152 0.007914230019493177
1 0.5433359133126935 0.06371345029239767 0.006284829721362228 0.007914230019493177
1 0.5384520123839008 0.0035185185185185185 0.0076780185758513935 0.00702729044834308
1 0.6741950464396285 0.0043957115009746585 0.009767801857585138 0.00702729044834308
1 0.6993266253869969 0.033401559454191036 0.005580495356037152 0.00702729044834308
1 0.8193653250773993 0.040867446393762184 0.008374613003095976 0.009668615984405458
1 0.9128869969040248 0.003957115009746589 0.008374613003095976 0.007914230019493177
1 0.9317337461300309 0.1819298245614035 0.006981424148606811 0.008791423001949317
1 0.93906346749226 0.3027680311890838 0.009071207430340558 0.01142300194931774
1 0.9903637770897833 0.18939571150097465 0.009767801857585138 0.01142300194931774
1 0.3011532507739938 0.5774171539961013 0.004883900928792569 0.00702729044834308
1 0.2906888544891641 0.6257602339181286 0.0076780185758513935 0.010545808966861598
1 0.517515479876161 0.5330409356725146 0.006284829721362228 0.007914230019493177
1 0.513328173374613 0.568625730994152 0.0076780185758513935 0.008791423001949317
1 0.6326702786377709 0.5457797270955166 0.006284829721362228 0.00702729044834308