1 0.9492519685039371 0.1705081300813008 0.024055118110236223 0.04741869918699187
1 0.9514468503937007 0.4223170731707317 0.00875 0.01806910569105691
1 0.8634055118110237 0.6120121951219513 0.00984251968503937 0.022581300813008128
1 0.20724409448818898 0.01806910569105691 0.01421259842519685 0.027093495934959348
1 0.2947244094488189 0.823170731707317 0.012027559055118112 0.02032520325203252
1 0.059606299212598426 0.09371951219512195 0.00984251968503937 0.02483739837398374
1 0.610787401574803 0.2224390243902439 0.00984251968503937 0.02032520325203252
1 0.5921948818897638 0.3229471544715447 0.00765748031496063 0.013556910569105692
1 0.7075688976377953 0.876239837398374 0.010935039370078739 0.022581300813008128
1 0.7130314960629922 0.9134959349593496 0.010935039370078739 0.02483739837398374
1 0.6140649606299212 0.9383536585365854 0.016407480314960633 0.02934959349593496
1 0.674763779527559 0.7813821138211382 0.010935039370078739 0.022581300813008128
1 0.7152263779527559 0.6673373983739838 0.00875 0.0158130081300813
1 0.6211712598425198 0.9790040650406504 0.010935039370078739 0.02032520325203252
1 0.6588976377952757 0.9878048780487805 0.00984251968503937 0.024390243902439025
1 0.2137992125984252 0.6571747967479674 0.00765748031496063 0.01806910569105691
1 0.24169291338582677 0.7057317073170732 0.00875 0.0158130081300813
1 0.07546259842519686 0.9654471544715447 0.01531496062992126 0.03388211382113821
1 0.2520767716535433 0.3127845528455284 0.00765748031496063 0.02032520325203252
1 0.2898031496062992 0.40764227642276424 0.00875 0.02032520325203252
1 0.2531692913385827 0.19985772357723577 0.00984251968503937 0.02032520325203252
1 0.024055118110236223 0.2845528455284553 0.00875 0.01806910569105691
1 0.17388779527559053 0.38166666666666665 0.00875 0.01806910569105691
1 0.06999015748031497 0.4211788617886179 0.00875 0.0158130081300813
1 0.41502952755905514 0.6052439024390244 0.00765748031496063 0.01806910569105691
1 0.3986220472440945 0.6221747967479675 0.00765748031496063 0.02032520325203252
1 0.4287007874015748 0.7757520325203252 0.010935039370078739 0.02032520325203252
1 0.4593208661417323 0.8141463414634147 0.00875 0.02032520325203252
1 0.5418897637795275 0.8209146341463415 0.00984251968503937 0.02032520325203252
1 0.8891043307086615 0.8254268292682927 0.00875 0.02032520325203252
1 0.4237795275590551 0.11630081300813008 0.012027559055118112 0.02032520325203252
1 0.230748031496063 0.14678861788617886 0.010935039370078739 0.022581300813008128
1 0.40846456692913385 0.2382520325203252 0.00984251968503937 0.02032520325203252
1 0.41721456692913383 0.2924593495934959 0.00984251968503937 0.01130081300813008
1 0.5194685039370078 0.31390243902439025 0.00875 0.01806910569105691
1 0.4915748031496063 0.344390243902439 0.00765748031496063 0.0158130081300813
1 0.27231299212598425 0.8005894308943089 0.00875 0.0158130081300813
1 0.6724409448818898 0.24174796747967478 0.005590551181102362 0.014857723577235771
1 0.6121062992125984 0.14522357723577237 0.0063976377952755905 0.013211382113821139