1 0.7005132317562149 0.32411965811965815 0.024330392943063352 0.06252991452991452
1 0.7996150761828388 0.46596581196581194 0.01359262229350441 0.028974358974358974
1 0.8310986367281477 0.4888547008547009 0.010729751403368085 0.022871794871794873
1 0.7083881315156375 0.604 0.010016038492381717 0.02441025641025641
1 0.7527506014434643 0.7877948717948718 0.007153167602245389 0.01678632478632479
1 0.7577626303127506 0.6512820512820513 0.008588612670408982 0.01830769230769231
1 0.8486367281475541 0.6940000000000001 0.007153167602245389 0.015247863247863248
1 0.800336808340016 0.5376581196581196 0.007874899759422615 0.019829059829059827
1 0.8253809141940658 0.681025641025641 0.007874899759422615 0.013726495726495725
1 0.8207297514033681 0.15786324786324785 0.011451483560545308 0.02593162393162393
1 0.5724378508420209 0.6398461538461538 0.007153167602245389 0.019829059829059827
1 0.6421972734562952 0.5704444444444444 0.006439454691259021 0.015247863247863248
1 0.6665276663993585 0.34088888888888885 0.009302325581395349 0.01678632478632479
1 0.6457738572574178 0.36835897435897436 0.007874899759422615 0.013726495726495725
1 0.6239534883720931 0.4156410256410257 0.007153167602245389 0.013726495726495725
1 0.336663993584603 0.37217094017094016 0.01359262229350441 0.02441025641025641
1 0.3996311146752205 0.6184957264957265 0.009302325581395349 0.013726495726495725
1 0.5373696872493986 0.4720683760683761 0.008588612670408982 0.013726495726495725
1 0.5302165196471531 0.49112820512820515 0.010016038492381717 0.01830769230769231
1 0.5280673616680032 0.2264957264957265 0.007153167602245389 0.013726495726495725
1 0.5320048115477145 0.12507692307692309 0.009302325581395349 0.02441025641025641
1 0.687281475541299 0.4621538461538462 0.007874899759422615 0.012205128205128205
1 0.7015878107457899 0.4064786324786325 0.006439454691259021 0.019829059829059827
1 0.764915797914996 0.29895726495726493 0.008588612670408982 0.01830769230769231
1 0.7352205292702486 0.23870085470085467 0.007874899759422615 0.01678632478632479
1 0.6575862068965517 0.16396581196581198 0.008588612670408982 0.01678632478632479
1 0.6944346431435445 0.20514529914529916 0.006439454691259021 0.01678632478632479
1 0.6160785886126704 0.23184615384615384 0.008588612670408982 0.01830769230769231
1 0.6386206896551724 0.2181196581196581 0.007874899759422615 0.01830769230769231
1 0.6858460304731355 0.5788376068376069 0.006439454691259021 0.013726495726495725
1 0.5835284683239775 0.5940854700854701 0.006439454691259021 0.01678632478632479
1 0.6278909382518043 0.7153504273504274 0.006439454691259021 0.012205128205128205
1 0.6228789093825181 0.7374700854700855 0.006439454691259021 0.013726495726495725
1 0.4640256615878107 0.5757948717948718 0.005012028869286287 0.01678632478632479
1 0.47619085805934236 0.6627350427350427 0.006439454691259021 0.01678632478632479
1 0.5316519647153167 0.45223931623931624 0.008588612670408982 0.01678632478632479
1 0.5853167602245389 0.8106837606837607 0.008588612670408982 0.019829059829059827
1 0.5287890938251805 0.7138290598290598 0.007153167602245389 0.015247863247863248
1 0.29695268644747397 0.8267008547008547 0.010016038492381717 0.01830769230769231
1 0.38210104250200483 0.7466153846153846 0.008588612670408982 0.01678632478632479
1 0.42252606255012026 0.8976239316239316 0.007874899759422615 0.019829059829059827
1 0.42538893344025663 0.9334700854700856 0.009302325581395349 0.015247863247863248
1 0.4676102646351243 0.8526324786324787 0.006439454691259021 0.015247863247863248
1 0.49050521251002405 0.7557777777777778 0.006439454691259021 0.01678632478632479
1 0.4758380112269447 0.7977094017094017 0.005725741780272654 0.012205128205128205
1 0.2307618283881315 0.600957264957265 0.009302325581395349 0.015247863247863248
1 0.23362469927826782 0.6978119658119658 0.006439454691259021 0.01678632478632479
1 0.2661828388131516 0.742034188034188 0.005725741780272654 0.01678632478632479
1 0.27655974338412187 0.8228888888888889 0.006439454691259021 0.013726495726495725
1 0.28586206896551725 0.9441367521367522 0.007874899759422615 0.015247863247863248
1 0.3645709703287891 0.9731282051282051 0.006439454691259021 0.015247863247863248
1 0.3305773857257418 0.9037264957264957 0.005725741780272654 0.010683760683760684
1 0.5166238973536488 0.8709230769230769 0.005725741780272654 0.015247863247863248
1 0.5134001603849239 0.8877094017094016 0.006439454691259021 0.012205128205128205
1 0.5620609462710505 0.9601538461538462 0.006439454691259021 0.013726495726495725
1 0.6235926222935044 0.9319316239316239 0.006439454691259021 0.012205128205128205
1 0.7405854049719326 0.991128205128205 0.007153167602245389 0.017726495726495727
1 0.7570408981555734 0.9624444444444444 0.005725741780272654 0.015247863247863248
1 0.31412189254210104 0.9957094017094017 0.005725741780272654 0.00858119658119658
1 0.22253408179631115 0.9815042735042734 0.007153167602245389 0.013726495726495725
1 0.11484362469927828 0.7168717948717949 0.01359262229350441 0.02745299145299145
1 0.08979951884522855 0.6970427350427351 0.007874899759422615 0.015247863247863248
1 0.3856776263031275 0.9799829059829059 0.004290296712109062 0.010683760683760684
1 0.1599198075380914 0.906017094017094 0.006439454691259021 0.012205128205128205
1 0.07477145148356054 0.957863247863248 0.006439454691259021 0.012205128205128205
1 0.06010425020048116 0.4796923076923077 0.011451483560545308 0.019829059829059827
1 0.1466880513231756 0.6154529914529915 0.007153167602245389 0.01678632478632479
1 0.1509783480352847 0.5445128205128206 0.007153167602245389 0.021350427350427352
1 0.14955092221331195 0.436991452991453 0.007153167602245389 0.01678632478632479
1 0.1960625501202887 0.6299316239316239 0.005725741780272654 0.015247863247863248
1 0.12951082598235766 0.7519487179487179 0.007153167602245389 0.015247863247863248
1 0.05151563753007217 0.3142051282051282 0.007153167602245389 0.01830769230769231
1 0.035060144346431434 0.2936068376068376 0.008588612670408982 0.013726495726495725
1 0.02182036888532478 0.5628205128205128 0.006439454691259021 0.015247863247863248
1 0.033985565356856456 0.642905982905983 0.007874899759422615 0.013726495726495725
1 0.002862870890136327 0.49112820512820515 0.004290296712109062 0.012205128205128205
1 0.05330392943063352 0.5780683760683761 0.005012028869286287 0.012205128205128205
1 0.05939053728949479 0.600957264957265 0.005725741780272654 0.012205128205128205
1 0.04722534081796311 0.5841709401709402 0.005725741780272654 0.012205128205128205
1 0.10089013632718524 0.24557264957264957 0.010016038492381717 0.021350427350427352
1 0.1423897353648757 0.22574358974358974 0.010016038492381717 0.02441025641025641
1 0.1363111467522053 0.35386324786324785 0.009302325581395349 0.021350427350427352
1 0.11341619887730554 0.3264102564102564 0.007874899759422615 0.015247863247863248
1 0.11234161988773056 0.34547008547008545 0.007153167602245389 0.01678632478632479
1 0.1255813953488372 0.4087692307692308 0.007874899759422615 0.02745299145299145
1 0.11734562951082599 0.4087692307692308 0.010016038492381717 0.01830769230769231
1 0.17852445870088213 0.3591965811965812 0.006439454691259021 0.019829059829059827
1 0.1363111467522053 0.5521538461538461 0.006439454691259021 0.015247863247863248
1 0.11591820368885326 0.0632991452991453 0.005725741780272654 0.01678632478632479
1 0.0915878107457899 0.07702564102564102 0.005725741780272654 0.010683760683760684
1 0.2668965517241379 0.17235897435897435 0.007153167602245389 0.01830769230769231
1 0.24686447473937448 0.26844444444444443 0.011451483560545308 0.01830769230769231
1 0.21716920609462712 0.3492820512820513 0.007874899759422615 0.01830769230769231
1 0.2550922213311949 0.34776068376068375 0.006439454691259021 0.01830769230769231
1 0.2754851643945469 0.35234188034188035 0.008588612670408982 0.021350427350427352
1 0.2704731355252606 0.5170598290598291 0.005725741780272654 0.015247863247863248
1 0.25866880513231755 0.5513846153846154 0.006439454691259021 0.013726495726495725
1 0.2998155573376103 0.4019145299145299 0.005725741780272654 0.013726495726495725
1 0.2933761026463512 0.41258119658119663 0.007153167602245389 0.01678632478632479
1 0.28943865276663994 0.4270769230769231 0.006439454691259021 0.012205128205128205
1 0.3155573376102646 0.5155384615384615 0.004290296712109062 0.012205128205128205
1 0.3323656776263031 0.09685470085470085 0.009302325581395349 0.02593162393162393
1 0.32521251002405777 0.20514529914529916 0.006439454691259021 0.013726495726495725
1 0.006078588612670409 0.7710256410256411 0.006439454691259021 0.013726495726495725
1 0.09302325581395349 0.8137264957264957 0.005725741780272654 0.013726495726495725
1 0.19426623897353648 0.8190769230769231 0.005012028869286287 0.009145299145299145
1 0.11090617481956697 0.957863247863248 0.004290296712109062 0.009145299145299145
1 0.08336006415396953 0.2806495726495727 0.006439454691259021 0.012205128205128205
1 0.11162790697674417 0.2615897435897436 0.004290296712109062 0.010683760683760684
1 0.131299117882919 0.27760683760683763 0.005012028869286287 0.012205128205128205
1 0.23970328789093828 0.11135042735042736 0.008588612670408982 0.015247863247863248
1 0.38889334402566156 0.0777948717948718 0.009302325581395349 0.021350427350427352
1 0.40141940657578185 0.04194871794871795 0.010016038492381717 0.022871794871794873
1 0.4132237369687249 0.02441025641025641 0.007874899759422615 0.01830769230769231
1 0.40105854049719325 0.12201709401709401 0.007874899759422615 0.01830769230769231
1 0.49193263833199685 0.07244444444444445 0.01359262229350441 0.028974358974358974
1 0.3867522052927025 0.1776923076923077 0.006439454691259021 0.01678632478632479
1 0.20429029671210905 0.17846153846153848 0.005012028869286287 0.012205128205128205
1 0.5291419406575782 0.010683760683760684 0.007874899759422615 0.01830769230769231
1 0.8836968724939855 0.8122051282051281 0.008588612670408982 0.019829059829059827
1 0.8486367281475541 0.9372820512820512 0.005725741780272654 0.013726495726495725
1 0.7634803528468324 0.9601538461538462 0.005725741780272654 0.010683760683760684
1 0.8915637530072174 0.9563418803418804 0.014314354450681637 0.02441025641025641
1 0.9849478748997594 0.89 0.007874899759422615 0.01678632478632479
1 0.9810104250200481 0.7908547008547008 0.005725741780272654 0.013726495726495725
1 0.9666960705693665 0.8716923076923077 0.005725741780272654 0.013726495726495725
1 0.9488131515637531 0.9926666666666667 0.008588612670408982 0.014683760683760684
1 0.9373616680032077 0.8411794871794871 0.004290296712109062 0.010683760683760684
1 0.9767121090617482 0.8510940170940171 0.004290296712109062 0.012205128205128205
1 0.9734963913392142 0.8594871794871795 0.006439454691259021 0.010683760683760684
1 0.20285485164394548 0.3264102564102564 0.006439454691259021 0.012205128205128205
1 0.0951643945469126 0.34394871794871795 0.005725741780272654 0.013726495726495725
1 0.6447072975140338 0.9937094017094018 0.007153167602245389 0.010683760683760684
1 0.07347233360064154 0.2905811965811966 0.00483560545308741 0.00823931623931624
1 0.08967121090617482 0.29109401709401705 0.004354450681635926 0.009282051282051281
1 0.08870088211708099 0.3014017094017094 0.004354450681635926 0.011333333333333332