1 0.12603634298693922 0.08399284862932062 0.009585462805224303 0.019106078665077474
1 0.06206132879045997 0.05129916567342074 0.011981828506530382 0.020119189511323004
1 0.032345258375922774 0.10108462455303933 0.00814877910278251 0.017103694874851014
1 0.07379897785349233 0.019106078665077474 0.004792731402612152 0.012073897497020264
1 0.07164111300397501 0.006543504171632897 0.005269733106189664 0.01106078665077473
1 0.10950028392958547 0.038224076281287246 0.004315729699034639 0.010059594755661502
1 0.0505565019875071 0.10461263408820023 0.004315729699034639 0.010059594755661502
1 0.10350936967632027 0.15489868891537545 0.004792731402612152 0.010059594755661502
1 0.18354344122657582 0.09958283671036948 0.008625780806360022 0.014076281287246722
1 0.2333787620670074 0.028665077473182362 0.005752413401476434 0.009058402860548272
1 0.2158886996024986 0.02766388557806913 0.007189097103918228 0.017103694874851014
1 0.21013628620102215 0.038224076281287246 0.007189097103918228 0.012073897497020264
1 0.21708688245315164 0.045268176400476756 0.005752413401476434 0.020119189511323004
1 0.21085746734809765 0.08297973778307509 0.004792731402612152 0.013075089392133492
1 0.12124361158432709 0.22883194278903457 0.009585462805224303 0.015089392133492252
1 0.16844406587166383 0.17853396901072704 0.004315729699034639 0.009058402860548272
1 0.17203861442362292 0.20871275327771158 0.004792731402612152 0.009058402860548272
1 0.2149290176036343 0.21474374255065554 0.004315729699034639 0.01106078665077473
1 0.23625780806360022 0.23939213349225266 0.005752413401476434 0.012073897497020264
1 0.13969335604770017 0.19613825983313468 0.007189097103918228 0.018104886769964242
1 0.13250425894378196 0.2102264600715137 0.004315729699034639 0.008045292014302742
1 0.08889835320840432 0.21977353992848628 0.004315729699034639 0.009058402860548272
1 0.09992049971607042 0.24693682955899882 0.005269733106189664 0.01106078665077473
1 0.08937535491198183 0.26554231227651964 0.005269733106189664 0.010059594755661502
1 0.06637137989778534 0.25548271752085816 0.006229415105053947 0.010059594755661502
1 0.1638955139125497 0.2333611442193087 0.005752413401476434 0.014076281287246722
1 0.12459965928449744 0.24542312276519665 0.004792731402612152 0.010059594755661502
1 0.030431572969903467 0.14886769964243146 0.005269733106189664 0.010059594755661502
1 0.020369108461101647 0.3339451728247914 0.011981828506530382 0.024135876042908223
1 0.020607609312890404 0.35909415971394515 0.007666098807495741 0.014076281287246722
1 0.005990914253265191 0.3912753277711561 0.011022146507666098 0.024135876042908223
1 0.07595684270300965 0.3183551847437426 0.004315729699034639 0.01106078665077473
1 0.08961385576377058 0.31985697258641244 0.005752413401476434 0.014076281287246722
1 0.09584327086882453 0.32690107270560187 0.005752413401476434 0.010059594755661502
1 0.11549119818285065 0.3470202622169249 0.006706416808631459 0.016090584028605484
1 0.12483816013628621 0.3887604290822408 0.004315729699034639 0.009058402860548272
1 0.1579045996592845 0.3193563766388558 0.004315729699034639 0.01106078665077473
1 0.05750709823963657 0.40233611442193085 0.005752413401476434 0.012073897497020264
1 0.07140261215218625 0.4506197854588796 0.004792731402612152 0.010059594755661502
1 0.09105053946621239 0.4767699642431466 0.005752413401476434 0.012073897497020264
1 0.07332197614991483 0.48582836710369487 0.005752413401476434 0.012073897497020264
1 0.005752413401476434 0.5280691299165674 0.010545144804088587 0.022133492252681766
1 0.20726291879613856 0.4254707985697259 0.012941510505394662 0.016090584028605484
1 0.20175468483816014 0.5517163289630512 0.013418512208972175 0.015089392133492252
1 0.21612720045428735 0.5250536352800953 0.004792731402612152 0.008045292014302742
1 0.2166098807495741 0.5673063170441002 0.004792731402612152 0.010059594755661502
1 0.08458262350936967 0.5959713945172824 0.004315729699034639 0.015089392133492252
1 0.10446905167518455 0.5335995232419547 0.005752413401476434 0.013075089392133492
1 0.23625780806360022 0.3656257449344458 0.007666098807495741 0.019106078665077474
1 0.25950028392958546 0.48632896305125145 0.009102782509937537 0.019106078665077474
1 0.24847813742191935 0.4868295589988081 0.006229415105053947 0.014076281287246722
1 0.17779102782509937 0.6326817640047676 0.005752413401476434 0.016090584028605484
1 0.18545712663259512 0.715160905840286 0.009585462805224303 0.022133492252681766
1 0.10303236797274276 0.6543027413587604 0.005752413401476434 0.013075089392133492
1 0.07955139125496877 0.629165673420739 0.004792731402612152 0.013075089392133492
1 0.020369108461101647 0.6004886769964243 0.005269733106189664 0.010059594755661502
1 0.05750709823963657 0.6276519666269369 0.004792731402612152 0.012073897497020264
1 0.1042305508233958 0.7297497020262217 0.004315729699034639 0.013075089392133492
1 0.11357751277683134 0.7805363528009536 0.004792731402612152 0.012073897497020264
1 0.2194832481544577 0.7855661501787843 0.008625780806360022 0.012073897497020264
1 0.23673480976717773 0.7362812872467223 0.005752413401476434 0.010059594755661502
1 0.1629358319136854 0.6336829558998808 0.005752413401476434 0.012073897497020264
1 0.20007382169222032 0.6593325387365911 0.006229415105053947 0.015089392133492252
1 0.19839863713798978 0.7785339690107271 0.006706416808631459 0.014076281287246722
1 0.2839409426462237 0.6367103694874852 0.007189097103918228 0.012073897497020264
1 0.26021578648495175 0.5798688915375447 0.0038330494037478705 0.009058402860548272
1 0.27986371379897784 0.6729201430274137 0.0038330494037478705 0.008045292014302742
1 0.33353776263486656 0.5874135876042907 0.0038330494037478705 0.012073897497020264
1 0.31245315161839865 0.48632896305125145 0.006706416808631459 0.017103694874851014
1 0.29328222600795006 0.44106078665077475 0.005752413401476434 0.01106078665077473
1 0.2039068710959682 0.3691537544696067 0.005269733106189664 0.010059594755661502
1 0.19528109028960816 0.37668653158522053 0.006229415105053947 0.009058402860548272
1 0.32060193072118115 0.27963051251489873 0.004792731402612152 0.012073897497020264
1 0.308137421919364 0.3802145411203814 0.009585462805224303 0.016090584028605484
1 0.2882509937535491 0.36864123957091777 0.007189097103918228 0.017103694874851014
1 0.29136854060193074 0.38926102502979737 0.005752413401476434 0.010059594755661502
1 0.3165247018739353 0.4355303933253874 0.005269733106189664 0.010059594755661502
1 0.38002271436683704 0.4320143027413587 0.006706416808631459 0.021120381406436232
1 0.340488358886996 0.5341120381406437 0.004315729699034639 0.014076281287246722
1 0.34551959114139696 0.5497020262216925 0.0038330494037478705 0.013075089392133492
1 0.35414537194775697 0.5250536352800953 0.006706416808631459 0.010059594755661502
1 0.37163543441226576 0.6276519666269369 0.011981828506530382 0.020119189511323004
1 0.3184440658716638 0.6829797377830751 0.005269733106189664 0.012073897497020264
1 0.30789892106757527 0.7317640047675805 0.005269733106189664 0.01106078665077473
1 0.2992731402612152 0.7201907032181168 0.007189097103918228 0.014076281287246722
1 0.29400340715502554 0.7594159713945172 0.00814877910278251 0.014076281287246722
1 0.36133446905167516 0.7564004767580453 0.005752413401476434 0.012073897497020264
1 0.3450425894378194 0.7483551847437425 0.004792731402612152 0.010059594755661502
1 0.3692390687109597 0.33041716328963056 0.005269733106189664 0.01106078665077473
1 0.35007382169222034 0.3429916567342074 0.004315729699034639 0.014076281287246722
1 0.3531856899488927 0.3691537544696067 0.004792731402612152 0.014076281287246722
1 0.35198750709823967 0.49287246722288436 0.007189097103918228 0.012073897497020264
1 0.32155593412833616 0.7835637663885577 0.007666098807495741 0.018104886769964242
1 0.3177228847245883 0.7900953516090584 0.005752413401476434 0.013075089392133492
1 0.27914821124361155 0.8242908224076282 0.006229415105053947 0.015089392133492252
1 0.38793299261783076 0.8142431466030989 0.010062464508801817 0.015089392133492252
1 0.39919363997728563 0.7483551847437425 0.008625780806360022 0.016090584028605484
1 0.04073253833049404 0.4405601907032181 0.005752413401476434 0.010059594755661502
1 0.013418512208972175 0.7579141835518475 0.008625780806360022 0.021120381406436232
1 0.042169222032935834 0.7357806912991657 0.0038330494037478705 0.01106078665077473
1 0.13466212379329925 0.9449940405244339 0.009585462805224303 0.021120381406436232
1 0.06829074389551391 0.9641120381406436 0.009102782509937537 0.015089392133492252
1 0.16317433276547416 0.9112991656734208 0.004315729699034639 0.014076281287246722
1 0.2530266893810335 0.8710727056019071 0.004792731402612152 0.012073897497020264
1 0.16964224872231687 0.8559833134684147 0.006706416808631459 0.012073897497020264
1 0.19193072118114707 0.8811323003575685 0.007189097103918228 0.014076281287246722
1 0.1698864281658149 0.7735041716328963 0.004315729699034639 0.008045292014302742
1 0.3064622373651334 0.8459237187127533 0.009102782509937537 0.016090584028605484
1 0.34384440658716636 0.840393325387366 0.006229415105053947 0.01106078665077473
1 0.3563032367972743 0.8464243146603099 0.005269733106189664 0.01106078665077473
1 0.3131743327654742 0.9233730631704411 0.005269733106189664 0.012073897497020264
1 0.3090971039182283 0.9736710369487485 0.005752413401476434 0.014076281287246722
1 0.3191595684270301 0.9802026221692491 0.007666098807495741 0.013075089392133492
1 0.3524701873935264 0.9807032181168056 0.005269733106189664 0.014076281287246722
1 0.4382509937535491 0.8071990464839094 0.00814877910278251 0.015089392133492252
1 0.4015900056785917 0.9550536352800953 0.006706416808631459 0.013075089392133492
1 0.42507098239636565 0.9439928486293206 0.005752413401476434 0.01106078665077473
1 0.448313458262351 0.8574851013110846 0.004315729699034639 0.01106078665077473
1 0.45885292447473025 0.9082836710369487 0.006229415105053947 0.012073897497020264
1 0.4693980692788189 0.7146603098927294 0.006229415105053947 0.01106078665077473
1 0.4677228847245883 0.8574851013110846 0.004792731402612152 0.009058402860548272
1 0.45022714366837024 0.9500238379022646 0.004315729699034639 0.01106078665077473
1 0.37283361726291875 0.853969010727056 0.005752413401476434 0.012073897497020264
1 0.5192390687109597 0.9776877234803337 0.006229415105053947 0.012073897497020264
1 0.4842532651902328 0.9651132300357569 0.005269733106189664 0.013075089392133492
1 0.5422430437251562 0.767973778307509 0.005269733106189664 0.01106078665077473
1 0.5209142532651903 0.8087008343265792 0.004792731402612152 0.010059594755661502
1 0.5235491198182851 0.7247199046483909 0.009102782509937537 0.017103694874851014
1 0.5130096536059057 0.6236233611442193 0.006229415105053947 0.020119189511323004
1 0.5012663259511642 0.6296662693682955 0.005752413401476434 0.014076281287246722
1 0.4372913117546849 0.6487723480333731 0.005269733106189664 0.010059594755661502
1 0.4897671777399205 0.6900119189511322 0.004792731402612152 0.012073897497020264
1 0.5673992049971608 0.9455065554231228 0.006706416808631459 0.012073897497020264
1 0.5884838160136285 0.9424791418355185 0.008625780806360022 0.020119189511323004
1 0.6186768881317434 0.9716567342073897 0.006706416808631459 0.012073897497020264
1 0.6361669505962521 0.9163289630512514 0.009102782509937537 0.014076281287246722
1 0.6572515616127201 0.9279022646007151 0.007189097103918228 0.017103694874851014
1 0.6704315729699035 0.8891775923718712 0.004792731402612152 0.012073897497020264
1 0.6184383872799545 0.824803337306317 0.004315729699034639 0.012073897497020264
1 0.6316127200454287 0.6814660309892729 0.005752413401476434 0.013075089392133492
1 0.5602101078932424 0.6075327771156138 0.005752413401476434 0.012073897497020264
1 0.5798580352072686 0.6492729439809297 0.005752413401476434 0.013075089392133492
1 0.6021408290743895 0.9354469606674612 0.004315729699034639 0.008045292014302742
1 0.6028620102214651 0.9279022646007151 0.006706416808631459 0.01106078665077473
1 0.5889664963089154 0.9937783075089391 0.008625780806360022 0.012073897497020264
1 0.6318568994889268 0.7222050059594755 0.005269733106189664 0.010059594755661502
1 0.7087677455990915 0.8071990464839094 0.007666098807495741 0.015089392133492252
1 0.6210732538330495 0.7347794994040525 0.007666098807495741 0.013075089392133492
1 0.6270641680863146 0.7418116805721097 0.004315729699034639 0.01106078665077473
1 0.7126064735945487 0.7051013110846246 0.009585462805224303 0.022133492252681766
1 0.7384838160136287 0.7186769964243147 0.004792731402612152 0.01106078665077473
1 0.729136854060193 0.7448390941597139 0.004315729699034639 0.01106078665077473
1 0.7425553662691653 0.7538855780691299 0.006229415105053947 0.01106078665077473
1 0.7542986939239068 0.7961382598331347 0.007666098807495741 0.015089392133492252
1 0.7586087450312323 0.7649463647199046 0.004792731402612152 0.013075089392133492
1 0.7459114139693356 0.920357568533969 0.005269733106189664 0.012073897497020264
1 0.7140431572969904 0.9429916567342074 0.004792731402612152 0.01106078665077473
1 0.682174900624645 0.9555661501787843 0.004315729699034639 0.012073897497020264
1 0.6802555366269165 0.9701430274135877 0.006229415105053947 0.013075089392133492
1 0.7126064735945487 0.963611442193087 0.005752413401476434 0.012073897497020264
1 0.7926348665530948 0.7996543504171633 0.008625780806360022 0.016090584028605484
1 0.767473026689381 0.8484386174016687 0.005269733106189664 0.01106078665077473
1 0.7873651334469052 0.8876638855780691 0.005752413401476434 0.015089392133492252
1 0.7955082339579784 0.9495232419547079 0.007666098807495741 0.016090584028605484
1 0.44328222600795003 0.5768533969010727 0.007666098807495741 0.021120381406436232
1 0.44998864281658146 0.5713230035756853 0.0038330494037478705 0.008045292014302742
1 0.42938103350369106 0.5884266984505363 0.0038330494037478705 0.010059594755661502
1 0.6002271436683703 0.8393802145411204 0.004315729699034639 0.013075089392133492
1 0.6193923906871096 0.5874135876042907 0.007189097103918228 0.010059594755661502
1 0.6241851220897218 0.5492014302741358 0.005269733106189664 0.012073897497020264
1 0.4583759227711528 0.5205244338498213 0.011981828506530382 0.017103694874851014
1 0.47611016467915956 0.542657926102503 0.006229415105053947 0.013075089392133492
1 0.49910846110164675 0.5471871275327771 0.005269733106189664 0.014076281287246722
1 0.47611016467915956 0.5109773539928486 0.005269733106189664 0.016090584028605484
1 0.4756274843838728 0.42145411203814065 0.007189097103918228 0.014076281287246722
1 0.4871323111868257 0.4229558998808105 0.00814877910278251 0.023134684147794994
1 0.4650880181714935 0.4466030989272944 0.00814877910278251 0.014076281287246722
1 0.4372913117546849 0.43101311084624555 0.005269733106189664 0.009058402860548272
1 0.4439977285633163 0.4973897497020262 0.005269733106189664 0.009058402860548272
1 0.4861726291879614 0.32640047675804534 0.006229415105053947 0.015089392133492252
1 0.5034241908006815 0.36059594755661506 0.007189097103918228 0.017103694874851014
1 0.4928790459965929 0.44609058402860546 0.00814877910278251 0.015089392133492252
1 0.4856899488926746 0.5054469606674613 0.005269733106189664 0.015089392133492252
1 0.5880068143100511 0.48129916567342074 0.0038330494037478705 0.01106078665077473
1 0.580817717206133 0.48381406436233615 0.007666098807495741 0.012073897497020264
1 0.5594946053378762 0.48381406436233615 0.009102782509937537 0.012073897497020264
1 0.6457524134014765 0.43101311084624555 0.006229415105053947 0.015089392133492252
1 0.6380863145939807 0.42446960667461264 0.005269733106189664 0.014076281287246722
1 0.6328109028960819 0.4380452920143027 0.005269733106189664 0.01106078665077473
1 0.6229869392390687 0.43905840286054826 0.004792731402612152 0.01106078665077473
1 0.6158035207268597 0.4958879618593564 0.006706416808631459 0.010059594755661502
1 0.5870471323111868 0.34802145411203816 0.0038330494037478705 0.010059594755661502
1 0.5559000567859171 0.3359594755661502 0.0038330494037478705 0.008045292014302742
1 0.5336115843270869 0.4164243146603099 0.006229415105053947 0.010059594755661502
1 0.7118852924474731 0.4139094159713945 0.00814877910278251 0.017103694874851014
1 0.7444747302668938 0.41189511323003575 0.009102782509937537 0.015089392133492252
1 0.7650766609880749 0.4466030989272944 0.004315729699034639 0.012073897497020264
1 0.7641226575809199 0.5522169249106079 0.006229415105053947 0.014076281287246722
1 0.5618909710391823 0.7051013110846246 0.006229415105053947 0.012073897497020264
1 0.758847245883021 0.5300834326579261 0.006229415105053947 0.012073897497020264
1 0.6241851220897218 0.4787842669845053 0.007189097103918228 0.020119189511323004
1 0.6193923906871096 0.5094636471990465 0.007189097103918228 0.015089392133492252
1 0.6515048268029529 0.4315137067938022 0.005269733106189664 0.012073897497020264
1 0.6531800113571834 0.49387365911799763 0.004792731402612152 0.010059594755661502
1 0.7286598523566156 0.5346126340882003 0.006229415105053947 0.01106078665077473
1 0.7138046564452016 0.573337306317044 0.004315729699034639 0.010059594755661502
1 0.7861669505962522 0.5059475566150179 0.005269733106189664 0.010059594755661502
1 0.7236286201022146 0.645756853396901 0.006706416808631459 0.014076281287246722
1 0.72793867120954 0.6523003575685339 0.0038330494037478705 0.009058402860548272
1 0.7979045996592844 0.5678069129916568 0.007666098807495741 0.013075089392133492
1 0.7380011357183418 0.513492252681764 0.004792731402612152 0.01106078665077473
1 0.7895173197047132 0.5436591179976162 0.005269733106189664 0.013075089392133492
1 0.8489437819420784 0.5481883194278904 0.006229415105053947 0.010059594755661502
1 0.8772174900624645 0.506948748510131 0.007189097103918228 0.012073897497020264
1 0.8261783077796707 0.6040166865315852 0.005752413401476434 0.01106078665077473
1 0.8590062464508802 0.7191895113230036 0.005269733106189664 0.012073897497020264
1 0.7003861442362295 0.3258998808104887 0.005269733106189664 0.012073897497020264
1 0.6443157296990347 0.3163408820023838 0.004315729699034639 0.01106078665077473
1 0.6081317433276547 0.3057806912991657 0.006706416808631459 0.012073897497020264
1 0.5858489494605338 0.2801311084624553 0.004315729699034639 0.009058402860548272
1 0.5779443498012493 0.2997497020262217 0.004792731402612152 0.010059594755661502
1 0.530976717773992 0.2635280095351609 0.009585462805224303 0.016090584028605484
1 0.4952754116978989 0.28264600715137067 0.004315729699034639 0.010059594755661502
1 0.9145939806927882 0.2891775923718713 0.007189097103918228 0.017103694874851014
1 0.7042191936399773 0.2635280095351609 0.004315729699034639 0.010059594755661502
1 0.8304940374787053 0.39932061978545885 0.004792731402612152 0.010059594755661502
1 0.7926348665530948 0.3545649582836711 0.014378194207836457 0.0331942789034565
1 0.8355252697331061 0.30226460071513706 0.007189097103918228 0.015089392133492252
1 0.9363997728563316 0.4445887961859356 0.009585462805224303 0.018104886769964242
1 0.9227427597955707 0.4601787842669845 0.005269733106189664 0.015089392133492252
1 0.8118001135718341 0.2001668653158522 0.004792731402612152 0.012073897497020264
1 0.6347302668938103 0.22128724672228844 0.006229415105053947 0.012073897497020264
1 0.6330550823395797 0.2102264600715137 0.0038330494037478705 0.010059594755661502
1 0.5753038046564453 0.1901072705601907 0.006229415105053947 0.012073897497020264
1 0.5453549119818285 0.17954707985697257 0.005752413401476434 0.01106078665077473
1 0.6045371947756956 0.020119189511323004 0.006229415105053947 0.016090584028605484
1 0.5762634866553095 0.12170441001191895 0.006229415105053947 0.012073897497020264
1 0.6598921067575241 0.08499404052443385 0.006706416808631459 0.015089392133492252
1 0.6812152186257807 0.02061978545887962 0.006229415105053947 0.013075089392133492
1 0.5477512776831346 0.07946364719904649 0.004792731402612152 0.012073897497020264
1 0.5388869960249858 0.03469606674612634 0.006229415105053947 0.01106078665077473
1 0.5451164111300397 0.027163289630512514 0.005269733106189664 0.010059594755661502
1 0.530976717773992 0.12523241954707984 0.0038330494037478705 0.01106078665077473
1 0.4864111300397502 0.08197854588796186 0.0038330494037478705 0.01106078665077473
1 0.4248324815445769 0.07040524433849821 0.006229415105053947 0.010059594755661502
1 0.932328222600795 0.1639570917759237 0.009102782509937537 0.014076281287246722
1 0.918427030096536 0.03772348033373063 0.010062464508801817 0.019106078665077474
1 0.9373594548551959 0.1066150178784267 0.006706416808631459 0.012073897497020264
1 0.9713855763770585 0.03721096543504172 0.008625780806360022 0.014076281287246722
1 0.9752186257808063 0.07694874851013112 0.005752413401476434 0.01106078665077473
1 0.8731459398069278 0.16094159713945172 0.006706416808631459 0.010059594755661502
1 0.8209085746734809 0.09353992848629321 0.005752413401476434 0.014076281287246722
1 0.796229415105054 0.016591179976162097 0.006229415105053947 0.01106078665077473
1 0.8477455990914254 0.03419547079856973 0.005752413401476434 0.008045292014302742
1 0.8209085746734809 0.14735399284862932 0.007666098807495741 0.013075089392133492
1 0.8563713798977853 0.20116805721096542 0.005752413401476434 0.016090584028605484
1 0.8496592844974447 0.20418355184743742 0.005752413401476434 0.010059594755661502
1 0.6160420215786484 0.12221692491060787 0.004315729699034639 0.009058402860548272
1 0.5959114139693357 0.1071275327771156 0.004315729699034639 0.01106078665077473
1 0.537450312322544 0.1860786650774732 0.004315729699034639 0.012073897497020264
1 0.4447189097103918 0.22380214541120383 0.005752413401476434 0.013075089392133492
1 0.4380068143100511 0.20669845053635277 0.005752413401476434 0.01106078665077473
1 0.5820159000567859 0.2187723480333731 0.006229415105053947 0.01106078665077473
1 0.6045371947756956 0.22078665077473184 0.004315729699034639 0.01106078665077473
1 0.5999886428165815 0.21072705601907032 0.005752413401476434 0.01106078665077473
1 0.537450312322544 0.22933253873659118 0.004315729699034639 0.012073897497020264
1 0.4749119818285066 0.1765315852205006 0.004792731402612152 0.009058402860548272
1 0.4658035207268597 0.1936233611442193 0.008625780806360022 0.019106078665077474
1 0.5077342419080069 0.19412395709177593 0.005269733106189664 0.008045292014302742
1 0.6265814877910278 0.2927056019070322 0.004315729699034639 0.010059594755661502
1 0.9565303804656445 0.20116805721096542 0.005752413401476434 0.016090584028605484
1 0.7892788188529245 0.15489868891537545 0.006706416808631459 0.010059594755661502
1 0.7667575241340148 0.15036948748510132 0.007666098807495741 0.015089392133492252
1 0.981686541737649 0.18507747318235995 0.004315729699034639 0.014076281287246722
1 0.960601930721181 0.17250297973778306 0.006229415105053947 0.01106078665077473
1 0.7871209540034071 0.2061978545887962 0.004315729699034639 0.012073897497020264
1 0.7729869392390687 0.20771156138259833 0.004792731402612152 0.009058402860548272
1 0.902373651334469 0.019618593563766388 0.004792731402612152 0.013075089392133492
1 0.8923111868256671 0.023134684147794994 0.004792731402612152 0.012073897497020264
1 0.7468654173764906 0.30728247914183554 0.005269733106189664 0.013075089392133492
1 0.9692277115275412 0.5662932061978546 0.005269733106189664 0.012073897497020264
1 0.9665928449744464 0.2776162097735399 0.008625780806360022 0.012073897497020264
1 0.9536513344690517 0.5622765196662693 0.005752413401476434 0.012073897497020264
1 0.9915105053946621 0.6638617401668654 0.006706416808631459 0.016090584028605484
1 0.9792901760363429 0.2569964243146603 0.005269733106189664 0.01106078665077473
1 0.9840829074389551 0.12723480333730633 0.005269733106189664 0.009058402860548272
1 0.9764168086314594 0.12471990464839094 0.006229415105053947 0.016090584028605484
1 0.9246621237932993 0.7599165673420739 0.005269733106189664 0.013075089392133492
1 0.8877569562748437 0.7518712753277712 0.005269733106189664 0.013075089392133492
1 0.7782566723452584 0.9590822407628128 0.004792731402612152 0.01106078665077473
1 0.8391198182850653 0.9444934445768772 0.020124929017603634 0.06034564958283671
1 0.8376831345826236 0.8745887961859357 0.007666098807495741 0.01106078665077473
1 0.8086882453151618 0.8564839094159714 0.029233390119250423 0.04123957091775924
1 0.9601249290176036 0.8861620977353993 0.006229415105053947 0.014076281287246722
1 0.9301703577512777 0.8982240762812873 0.006706416808631459 0.012073897497020264
1 0.9210675752413402 0.909797377830751 0.007666098807495741 0.017103694874851014
1 0.9795286768881317 0.6729201430274137 0.008625780806360022 0.018104886769964242
1 0.9682680295286769 0.6040166865315852 0.007189097103918228 0.013075089392133492
1 0.9802498580352073 0.7619308700834326 0.005269733106189664 0.01106078665077473
1 0.9862407722884724 0.8931942789034565 0.004792731402612152 0.010059594755661502
1 0.9716240772288472 0.9495232419547079 0.006229415105053947 0.010059594755661502
1 0.9318455423055082 0.9641120381406436 0.004315729699034639 0.009058402860548272
1 0.8549346961953436 0.9188438617401669 0.005752413401476434 0.01106078665077473
1 0.8762578080636002 0.5778665077473182 0.006229415105053947 0.015089392133492252
1 0.8527768313458263 0.6995709177592373 0.005269733106189664 0.013075089392133492
1 0.8405565019875071 0.695041716328963 0.005752413401476434 0.012073897497020264
1 0.791198182850653 0.9731585220500596 0.004792731402612152 0.01106078665077473
1 0.9112436115843271 0.9133134684147795 0.005269733106189664 0.010059594755661502
1 0.9028563316297559 0.7071156138259833 0.004792731402612152 0.012073897497020264
1 0.9078875638841567 0.70611442193087 0.005269733106189664 0.012073897497020264
1 0.8201873935264054 0.5507032181168058 0.005269733106189664 0.013075089392133492
1 0.8182737081203861 0.7815494636471991 0.007189097103918228 0.014076281287246722
1 0.9217830777967064 0.7790345649582837 0.006229415105053947 0.013075089392133492
1 0.9409540034071551 0.5265673420738975 0.006229415105053947 0.01106078665077473
1 0.8597274275979557 0.8811323003575685 0.006706416808631459 0.016090584028605484
1 0.757649063032368 0.8720738974970202 0.011499148211243612 0.028164481525625742
1 0.9895968199886429 0.3585816448152563 0.004792731402612152 0.01106078665077473
1 0.6989437819420783 0.6130631704410012 0.003356047700170358 0.009058402860548272
1 0.37906303236797273 0.3324314660309893 0.005752413401476434 0.015089392133492252
1 0.40566155593412834 0.3565792610250298 0.006229415105053947 0.013075089392133492
1 0.3876888131743328 0.39882002383790227 0.004792731402612152 0.015089392133492252
1 0.3934412265758092 0.3937902264600715 0.0038330494037478705 0.009058402860548272
1 0.2405678591709256 0.1830631704410012 0.014378194207836457 0.03419547079856973
1 0.2501533219761499 0.23184743742550656 0.0038330494037478705 0.013075089392133492
1 0.2844179443498013 0.21525625744934446 0.005269733106189664 0.010059594755661502
1 0.28537762634866554 0.22581644815256258 0.004315729699034639 0.009058402860548272
1 0.40254968767745597 0.17401668653158522 0.004792731402612152 0.014076281287246722
1 0.3443214082907439 0.23939213349225266 0.004315729699034639 0.008045292014302742
1 0.3153265190232822 0.25246722288438617 0.005752413401476434 0.012073897497020264
1 0.20223168654173765 0.23234803337306317 0.004792731402612152 0.010059594755661502
1 0.19600227143668372 0.22581644815256258 0.013418512208972175 0.021120381406436232
1 0.18354344122657582 0.23436233611442192 0.0038330494037478705 0.010059594755661502
1 0.1440090857467348 0.22531585220500594 0.004315729699034639 0.008045292014302742
1 0.17683134582623508 0.33143027413587606 0.004792731402612152 0.009058402860548272
1 0.3666042021578649 0.24693682955899882 0.006706416808631459 0.013075089392133492
1 0.39128336172629186 0.26202622169249107 0.006229415105053947 0.009058402860548272
1 0.3891311754684838 0.23436233611442192 0.004792731402612152 0.010059594755661502
1 0.4959965928449745 0.23436233611442192 0.005752413401476434 0.012073897497020264
1 0.5412833617262919 0.22178784266984508 0.004315729699034639 0.009058402860548272
1 0.6656388415672914 0.16948748510131106 0.0038330494037478705 0.007044100119189512
1 0.554701873935264 0.2579976162097736 0.004315729699034639 0.009058402860548272
1 0.5261839863713799 0.2303456495828367 0.0038330494037478705 0.010059594755661502
1 0.323236797274276 0.24542312276519665 0.006229415105053947 0.010059594755661502
1 0.6086144236229415 0.40787842669845054 0.006706416808631459 0.017103694874851014
1 0.5590119250425895 0.2187723480333731 0.005269733106189664 0.013075089392133492
1 0.48593412833617267 0.24442193087008343 0.004792731402612152 0.010059594755661502
1 0.5024645088018171 0.21424314660309893 0.007189097103918228 0.014076281287246722
1 0.13753549119818284 0.48129916567342074 0.004792731402612152 0.009058402860548272
1 0.13202725724020442 0.513492252681764 0.004315729699034639 0.009058402860548272
1 0.1291482112436116 0.7091299165673421 0.004315729699034639 0.008045292014302742
1 0.026598523566155597 0.9656138259833135 0.004315729699034639 0.00603098927294398
1 0.35438387279954575 0.6226221692491061 0.007189097103918228 0.012073897497020264
1 0.8997387847813743 0.1896066746126341 0.005269733106189664 0.01106078665077473
1 0.8705053946621238 0.2363766388557807 0.005269733106189664 0.010059594755661502
1 0.716916524701874 0.2127413587604291 0.005752413401476434 0.009058402860548272
1 0.799823963657013 0.11768772348033373 0.004792731402612152 0.010059594755661502
1 0.7586087450312323 0.21122765196662693 0.004792731402612152 0.010059594755661502
1 0.78137421919364 0.21072705601907032 0.005269733106189664 0.01106078665077473
1 0.8762578080636002 0.20218116805721095 0.004315729699034639 0.010059594755661502
1 0.8657126632595117 0.21324195470798568 0.005269733106189664 0.010059594755661502
1 0.9467064168086315 0.19513706793802146 0.004315729699034639 0.014076281287246722
1 0.9380806360022714 0.2001668653158522 0.005269733106189664 0.008045292014302742
1 0.7967064168086314 0.1896066746126341 0.007189097103918228 0.013075089392133492
1 0.6989437819420783 0.20871275327771158 0.004315729699034639 0.01106078665077473
1 0.8230664395229983 0.18156138259833135 0.007189097103918228 0.013075089392133492
1 0.8333674048835888 0.19915375446960668 0.004792731402612152 0.008045292014302742
1 0.8280976717773992 0.2026817640047676 0.005752413401476434 0.01106078665077473
1 0.8237819420783646 0.2031823599523242 0.005752413401476434 0.012073897497020264
1 0.9462237365133447 0.1704886769964243 0.005269733106189664 0.013075089392133492
1 0.9912720045428735 0.18256257449344457 0.006229415105053947 0.01106078665077473
1 0.9958262350936968 0.1936233611442193 0.0038330494037478705 0.01106078665077473
1 0.9893526405451448 0.1931227651966627 0.006229415105053947 0.010059594755661502
1 0.8137194775695628 0.008045292014302742 0.004792731402612152 0.010059594755661502
1 0.8204315729699034 0.013075089392133492 0.0038330494037478705 0.008045292014302742
1 0.8846450880181714 0.008045292014302742 0.004792731402612152 0.010059594755661502
1 0.8391198182850653 0.1971513706793802 0.005752413401476434 0.012073897497020264
1 0.6146053378762066 0.22280095351609058 0.003356047700170358 0.009058402860548272
1 0.7634014764338444 0.22380214541120383 0.0038330494037478705 0.009058402860548272
1 0.812282793867121 0.18256257449344457 0.008625780806360022 0.01106078665077473
1 0.8043725156161272 0.1800476758045292 0.006229415105053947 0.014076281287246722
1 0.2949630891538898 0.07443384982121573 0.003356047700170358 0.008045292014302742
1 0.016291879613855764 0.16948748510131106 0.002873367404883589 0.007044100119189512
1 0.40496308915388984 0.24400476758045292 0.0031516183986371378 0.007353992848629321
1 0.38797842135150484 0.24253873659118 0.002799545712663259 0.0058760429082240755
1 0.38482680295286764 0.24805721096543504 0.0035036910846110163 0.0066150178784266985
1 0.39358319136854064 0.23703218116805722 0.0035036910846110163 0.0066150178784266985
1 0.39358319136854064 0.24768772348033374 0.002799545712663259 0.0058760429082240755
1 0.4534639409426462 0.08525625744934445 0.0035036910846110163 0.007353992848629321
1 0.625565019875071 0.5916448152562575 0.004554230550823396 0.008820023837902265
1 0.6124361158432708 0.8779141835518475 0.0035036910846110163 0.0066150178784266985
1 0.32057353776263486 0.22232419547079857 0.006655309483248155 0.015435041716328961
1 0.22024985803520727 0.09261025029797378 0.0035036910846110163 0.0058760429082240755
1 0.3575184554230551 0.23886769964243146 0.004202157864849517 0.008820023837902265
1 0.29886428165814877 0.24327771156138261 0.0031516183986371378 0.007353992848629321
1 0.17998296422487223 0.2403337306317044 0.004900624645088019 0.01028605482717521
1 0.3825553662691652 0.24107270560190702 0.0031516183986371378 0.007353992848629321
1 0.6581317433276548 0.2234326579261025 0.0031516183986371378 0.007353992848629321
1 0.6556785917092561 0.22563766388557807 0.0031516183986371378 0.007353992848629321
1 0.6530550823395798 0.2267342073897497 0.004202157864849517 0.008081048867699643
1 0.9242532651902328 0.02425506555423123 0.004554230550823396 0.008820023837902265
1 0.8803123225440092 0.2002741358760429 0.005604770017035775 0.012491060786650776
1 0.7458489494605338 0.2197497020262217 0.0035036910846110163 0.0058760429082240755
1 0.8316354344122657 0.388057210965435 0.004900624645088019 0.008820023837902265
1 0.8143043725156162 0.3255899880810489 0.0031516183986371378 0.007353992848629321
1 0.40986371379897785 0.24768772348033374 0.0031516183986371378 0.007353992848629321
1 0.40268597387847815 0.23703218116805722 0.004202157864849517 0.008081048867699643
1 0.5763713798977853 0.21902264600715135 0.0035036910846110163 0.008820023837902265
1 0.5637649063032367 0.21865315852205006 0.005604770017035775 0.012491060786650776
1 0.8015218625780807 0.20432657926102504 0.004202157864849517 0.01469606674612634
1 0.7665076660988075 0.20284862932061978 0.004202157864849517 0.01028605482717521
1 0.7630039750141965 0.21166865315852204 0.0035036910846110163 0.01028605482717521
1 0.7918966496308916 0.12531585220500596 0.003850085178875639 0.01102502979737783
1 0.7960931289040318 0.12237187127532777 0.003850085178875639 0.009558998808104886
1 0.6877228847245883 0.21865315852205006 0.004202157864849517 0.01102502979737783
1 0.9261839863713799 0.2671632896305125 0.004202157864849517 0.008081048867699643