1 0.9761279737489746 0.596028880866426 0.008105004101722725 0.022292418772563178
1 0.9672108285479901 0.653086642599278 0.004052502050861362 0.008032490974729242
1 0.9137243642329778 0.6522021660649819 0.008105004101722725 0.02050541516245487
1 0.8843478260869565 0.6998916967509026 0.009319114027891715 0.01604693140794224
1 0.8713863822805579 0.6691335740072202 0.007694831829368335 0.02050541516245487
1 0.8875881870385562 0.6138628158844766 0.004454470877768663 0.011588447653429602
1 0.917571780147662 0.7003429602888087 0.004454470877768663 0.01516245487364621
1 0.912715340442986 0.7052527075812274 0.0052666119770303525 0.012490974729241877
1 0.9872682526661198 0.7698916967509025 0.004454470877768663 0.013375451263537907
1 0.9248728465955702 0.7872743682310469 0.008506972928630023 0.017833935018050542
1 0.9165627563576701 0.7712274368231047 0.004052502050861362 0.008916967509025271
1 0.8944790812141098 0.8429963898916967 0.017424118129614436 0.02407942238267148
1 0.9524200164068909 0.8541335740072202 0.004454470877768663 0.010703971119133574
1 0.9449302707136996 0.8759927797833935 0.006480721903199344 0.01871841155234657
1 0.9595159967186219 0.9352707581227436 0.004864643150123051 0.014259927797833936
1 0.913929450369155 0.9285920577617329 0.0052666119770303525 0.011588447653429602
1 0.8802953240360951 0.9125451263537906 0.0052666119770303525 0.011588447653429602
1 0.8381542247744053 0.9013898916967509 0.006078753076292043 0.010703971119133574
1 0.8369401148482363 0.9339350180505415 0.004454470877768663 0.013375451263537907
1 0.8108039376538146 0.922346570397112 0.004864643150123051 0.011588447653429602
1 0.8134372436423298 0.9753971119133574 0.010943396226415094 0.0213898916967509
1 0.7941919606234619 0.8724187725631769 0.012969647251845776 0.02407942238267148
1 0.7789991796554553 0.8947111913357401 0.0052666119770303525 0.011588447653429602
1 0.9066365873666941 0.7890613718411552 0.0052666119770303525 0.008916967509025271
1 0.8636833470057423 0.8376534296028881 0.004454470877768663 0.011588447653429602
1 0.8148564397046759 0.7391335740072202 0.008917145200984413 0.01604693140794224
1 0.8648974569319113 0.7270938628158845 0.004454470877768663 0.013375451263537907
1 0.8326825266611977 0.8189169675090253 0.004052502050861362 0.009801444043321299
1 0.8253896636587367 0.8082310469314079 0.004052502050861362 0.009801444043321299
1 0.8264068908941755 0.8893501805054151 0.004454470877768663 0.009801444043321299
1 0.7334126333059885 0.8224909747292419 0.005676784249384742 0.011588447653429602
1 0.9662018047579983 0.7837003610108304 0.004454470877768663 0.010703971119133574
1 0.7577276456111567 0.7391335740072202 0.004864643150123051 0.012490974729241877
1 0.7465791632485644 0.7266425992779784 0.009319114027891715 0.023176895306859204
1 0.7170057424118129 0.7333212996389892 0.006890894175553733 0.009801444043321299
1 0.7362510254306809 0.7703249097472924 0.007292863002461034 0.012490974729241877
1 0.7141673502871206 0.8314079422382672 0.006890894175553733 0.01693140794223827
1 0.7032239540607055 0.8938086642599278 0.010131255127153405 0.01871841155234657
1 0.6754716981132075 0.8349638989169675 0.005676784249384742 0.009801444043321299
1 0.6821575061525841 0.9539891696750903 0.007694831829368335 0.019620938628158842
1 0.8128301886792453 0.6775992779783393 0.008917145200984413 0.01604693140794224
1 0.7911566858080393 0.681624548736462 0.0036505332239540607 0.008032490974729242
1 0.7723133716160788 0.6214440433212995 0.008917145200984413 0.014259927797833936
1 0.8709762100082035 0.5884476534296029 0.006078753076292043 0.017833935018050542
1 0.7484085315832649 0.6343682310469314 0.004864643150123051 0.009801444043321299
1 0.7492124692370795 0.5474368231046931 0.004864643150123051 0.010703971119133574
1 0.7490155865463495 0.5790794223826715 0.0052666119770303525 0.009801444043321299
1 0.7370549630844955 0.583537906137184 0.008105004101722725 0.01871841155234657
1 0.8324856439704675 0.6142960288808664 0.0052666119770303525 0.017833935018050542
1 0.8231665299425759 0.6058303249097473 0.008506972928630023 0.022292418772563178
1 0.75447908121411 0.8532490974729242 0.004052502050861362 0.008916967509025271
1 0.6714191960623462 0.6807220216606499 0.004864643150123051 0.009801444043321299
1 0.7328055783429039 0.872870036101083 0.0036505332239540607 0.008916967509025271
1 0.7903445447087777 0.5523465703971119 0.006078753076292043 0.013375451263537907
1 0.7907465135356849 0.5768592057761732 0.0052666119770303525 0.010703971119133574
1 0.8010828547990155 0.5982490974729242 0.004864643150123051 0.012490974729241877
1 0.8004757998359311 0.5768592057761732 0.007694831829368335 0.02496389891696751
1 0.7022149302707137 0.6727075812274368 0.007292863002461034 0.011588447653429602
1 0.9147415914684167 0.9820758122743684 0.02471698113207547 0.03476534296028881
1 0.8630762920426579 0.7542779783393502 0.004052502050861362 0.008916967509025271
1 0.7526579163248565 0.9851985559566786 0.008506972928630023 0.01604693140794224
1 0.742526661197703 0.9718231046931408 0.008506972928630023 0.014259927797833936
1 0.727940935192781 0.9939350180505415 0.006078753076292043 0.012129963898916967
1 0.6276538146021329 0.888014440433213 0.008105004101722725 0.01604693140794224
1 0.6067842493847415 0.8911371841155235 0.009319114027891715 0.01871841155234657
1 0.6142821985233797 0.8563718411552347 0.005676784249384742 0.013375451263537907
1 0.6138802296964726 0.9459747292418773 0.006480721903199344 0.01604693140794224
1 0.612050861361772 0.9767328519855596 0.006890894175553733 0.01516245487364621
1 0.5865299425758819 0.9120938628158844 0.006078753076292043 0.01604693140794224
1 0.5853076292042658 0.987436823104693 0.006078753076292043 0.011588447653429602
1 0.6819114027891715 0.5652166064981949 0.0061525840853158325 0.013537906137184115
1 0.9351927809680065 0.5268592057761733 0.010254306808859722 0.024819494584837544
1 0.9918457752255947 0.46819494584837545 0.006669401148482363 0.0157942238267148
1 0.9590319934372435 0.46875451263537904 0.014864643150123053 0.0372202166064982
1 0.9723625922887612 0.28485559566787005 0.00564397046759639 0.02144404332129964
1 0.9659557013945858 0.414043321299639 0.005127153404429861 0.013537906137184115
1 0.9628794093519278 0.5319314079422383 0.0061525840853158325 0.014675090252707582
1 0.9703117309269893 0.35142599277978337 0.00564397046759639 0.010162454873646209
1 0.9669811320754716 0.3700361010830325 0.010254306808859722 0.024819494584837544
1 0.9451927809680066 0.3909025270758123 0.013847415914684167 0.023700361010830326
1 0.9326333059885152 0.388086642599278 0.011279737489745693 0.020306859205776174
1 0.918785890073831 0.30516245487364624 0.007178014766201805 0.016913357400722022
1 0.9093027071369976 0.2713176895306859 0.00564397046759639 0.012418772563176896
1 0.8998195242001642 0.414043321299639 0.007178014766201805 0.018050541516245487
1 0.905709598031173 0.23296028880866426 0.014872846595570139 0.025956678700361013
1 0.8898195242001641 0.27696750902527073 0.011796554552912224 0.0282129963898917
1 0.8862264150943395 0.3785018050541516 0.010771123872026252 0.023700361010830326
1 0.8754634946677605 0.3751083032490975 0.00974569319114028 0.02144404332129964
1 0.8572600492206727 0.47438628158844764 0.010254306808859722 0.023700361010830326
1 0.8726415094339622 0.503158844765343 0.005127153404429861 0.0157942238267148
1 0.8867432321575062 0.5307942238267148 0.008720262510254307 0.025956678700361013
1 0.9154552912223134 0.5420758122743682 0.00564397046759639 0.012418772563176896
1 0.8962264150943396 0.5736642599277978 0.008203445447087777 0.01693140794223827
1 0.8536751435602954 0.515 0.007178014766201805 0.01693140794223827
1 0.8562346185397867 0.5020397111913357 0.0061525840853158325 0.0157942238267148
1 0.8444462674323217 0.5127436823104693 0.005127153404429861 0.014675090252707582
1 0.844954881050041 0.5454693140794223 0.007178014766201805 0.01693140794223827
1 0.8113699753896636 0.4907581227436823 0.008720262510254307 0.02256317689530686
1 0.8013781788351108 0.5020397111913357 0.009228876127973748 0.018050541516245487
1 0.8139376538146021 0.4591696750902527 0.006669401148482363 0.0157942238267148
1 0.8021410992616899 0.4010649819494585 0.011796554552912224 0.025956678700361013
1 0.7734290401968826 0.4281407942238267 0.006669401148482363 0.01693140794223827
1 0.8303445447087777 0.22958483754512635 0.007694831829368335 0.012418772563176896
1 0.7413863822805579 0.43435018050541513 0.008203445447087777 0.018050541516245487
1 0.7672764561115668 0.47722021660649816 0.00564397046759639 0.01128158844765343
1 0.7447169811320754 0.5195126353790613 0.00564397046759639 0.012418772563176896
1 0.6608941755537325 0.7152527075812274 0.007178014766201805 0.013537906137184115
1 0.644487284659557 0.7017148014440433 0.005127153404429861 0.01128158844765343
1 0.6080803937653815 0.7293501805054151 0.007178014766201805 0.014675090252707582
1 0.6416652994257589 0.740072202166065 0.004618539786710419 0.01128158844765343
1 0.80701394585726 0.3130685920577617 0.0061525840853158325 0.014675090252707582
1 0.8085561936013126 0.29783393501805056 0.01435602953240361 0.02707581227436823
1 0.8405988515176375 0.36101083032490977 0.006669401148482363 0.013537906137184115
1 0.7939376538146021 0.6312093862815884 0.007694831829368335 0.014675090252707582
1 0.800090237899918 0.6481227436823105 0.010771123872026252 0.019187725631768956
1 0.7929122231337161 0.6503790613718412 0.00564397046759639 0.014675090252707582
1 0.7201066447908121 0.4275812274368231 0.008720262510254307 0.0157942238267148
1 0.7280557834290402 0.399927797833935 0.011279737489745693 0.03045126353790614
1 0.718318293683347 0.4095306859205776 0.0061525840853158325 0.013537906137184115
1 0.7116488925348646 0.36101083032490977 0.005127153404429861 0.01128158844765343
1 0.6929368334700575 0.35819494584837547 0.00564397046759639 0.014675090252707582
1 0.6924200164068909 0.39767148014440434 0.00564397046759639 0.012418772563176896
1 0.7147251845775225 0.45521660649819495 0.008203445447087777 0.019187725631768956
1 0.6844790812141099 0.5189530685920578 0.005127153404429861 0.013537906137184115
1 0.6696062346185397 0.6125992779783394 0.009228876127973748 0.018050541516245487
1 0.6706316652994257 0.6357220216606498 0.008203445447087777 0.01693140794223827
1 0.6861443806398687 0.644187725631769 0.004356029532403609 0.009025270758122744
1 0.7049876948318293 0.6357220216606498 0.004101722723543888 0.010162454873646209
1 0.6783264971287941 0.7214620938628159 0.005127153404429861 0.012418772563176896
1 0.6801148482362592 0.7333032490974729 0.00564397046759639 0.009025270758122744
1 0.9923625922887613 0.03554151624548737 0.00564397046759639 0.012418772563176896
1 0.9413453650533224 0.13312274368231047 0.005127153404429861 0.01128158844765343
1 0.9449384741591469 0.10886281588447654 0.008203445447087777 0.019187725631768956
1 0.927760459392945 0.08687725631768954 0.006669401148482363 0.013537906137184115
1 0.9664725184577524 0.03554151624548737 0.015381460213289582 0.03723826714801444
1 0.9351927809680065 0.04851985559566787 0.01435602953240361 0.024819494584837544
1 0.9392945036915504 0.06373646209386281 0.004101722723543888 0.010162454873646209
1 0.8946923707957343 0.06768953068592058 0.010254306808859722 0.024819494584837544
1 0.9108367514356029 0.044007220216606496 0.010771123872026252 0.02256317689530686
1 0.8464971287940936 0.03891696750902527 0.005127153404429861 0.014675090252707582
1 0.8772600492206728 0.13030685920577617 0.008203445447087777 0.02144404332129964
1 0.8821246923707957 0.18220216606498194 0.008720262510254307 0.02144404332129964
1 0.8623872026251025 0.18501805054151624 0.0061525840853158325 0.018050541516245487
1 0.8662346185397868 0.13763537906137185 0.011788351107465135 0.02256317689530686
1 0.8557260049220674 0.1754332129963899 0.005127153404429861 0.010162454873646209
1 0.8554634946677604 0.16415162454873647 0.00564397046759639 0.014675090252707582
1 0.7862510254306809 0.26624548736462095 0.010771123872026252 0.024819494584837544
1 0.8313699753896637 0.18164259927797832 0.006669401148482363 0.013537906137184115
1 0.7583018867924528 0.16415162454873647 0.011279737489745693 0.03046931407942238
1 0.7360049220672683 0.19799638989169674 0.006669401148482363 0.01693140794223827
1 0.8172682526661198 0.18445848375451263 0.007178014766201805 0.012418772563176896
1 0.7595898277276456 0.23691335740072203 0.008720262510254307 0.020306859205776174
1 0.8044462674323216 0.22732851985559566 0.005127153404429861 0.01240072202166065
1 0.800090237899918 0.33844765342960287 0.006669401148482363 0.018050541516245487
1 0.7839376538146021 0.35593862815884475 0.005127153404429861 0.010162454873646209
1 0.7526661197703035 0.25326714801444045 0.005127153404429861 0.012418772563176896
1 0.7411320754716981 0.28485559566787005 0.004618539786710419 0.012418772563176896
1 0.7575389663658737 0.3446570397111913 0.004618539786710419 0.012418772563176896
1 0.7357424118129614 0.3548014440433213 0.005127153404429861 0.012418772563176896
1 0.7447169811320754 0.36045126353790613 0.007694831829368335 0.01693140794223827
1 0.749335520918786 0.4044404332129964 0.008712059064807218 0.021425992779783392
1 0.9041755537325677 0.1759927797833935 0.00564397046759639 0.013537906137184115
1 0.9539048400328137 0.22 0.005635767022149303 0.01128158844765343
1 0.9472436423297785 0.21942238267148015 0.005635767022149303 0.01240072202166065
1 0.7234372436423298 0.2713176895306859 0.005127153404429861 0.012418772563176896
1 0.8336751435602954 0.07727436823104694 0.008203445447087777 0.019187725631768956
1 0.8900738310090238 0.5612635379061371 0.005127153404429861 0.014675090252707582
1 0.5914191960623463 0.8032490974729242 0.010771123872026252 0.02256317689530686
1 0.5819360131255127 0.8269494584837545 0.009228876127973748 0.024819494584837544
1 0.5360459392945037 0.8275090252707581 0.008720262510254307 0.019187725631768956
1 0.573470057424118 0.6977617328519856 0.00974569319114028 0.019187725631768956
1 0.5842411812961444 0.6678700361010831 0.007694831829368335 0.02256317689530686
1 0.5065627563576702 0.8765884476534296 0.0061525840853158325 0.009025270758122744
1 0.6178260869565217 0.6554693140794223 0.0061525840853158325 0.013537906137184115
1 0.5437325676784249 0.6757761732851986 0.00564397046759639 0.01128158844765343
1 0.49323215750615257 0.8997111913357401 0.008203445447087777 0.02144404332129964
1 0.47657095980311737 0.9640072202166065 0.00564397046759639 0.012418772563176896
1 0.5001558654634947 0.9651444043321301 0.004618539786710419 0.010162454873646209
1 0.4258080393765381 0.9640072202166065 0.010771123872026252 0.019187725631768956
1 0.45683347005742414 0.9730324909747291 0.007178014766201805 0.019187725631768956
1 0.4496554552912223 0.9741696750902528 0.007178014766201805 0.023700361010830326
1 0.39581624282198524 0.9002707581227437 0.010254306808859722 0.018050541516245487
1 0.4135028712059065 0.8179241877256318 0.012821985233798195 0.02707581227436823
1 0.4281214109926169 0.8641696750902527 0.011279737489745693 0.018050541516245487
1 0.5373256767842494 0.766028880866426 0.007178014766201805 0.02256317689530686
1 0.5134864643150123 0.7428880866425993 0.00564397046759639 0.014675090252707582
1 0.488876127973749 0.808898916967509 0.006669401148482363 0.013537906137184115
1 0.4691386382280558 0.8365342960288809 0.0061525840853158325 0.010162454873646209
1 0.36249384741591467 0.9640072202166065 0.007178014766201805 0.023700361010830326
1 0.33736669401148484 0.9600722021660649 0.009228876127973748 0.018050541516245487
1 0.3509515996718622 0.9640072202166065 0.00564397046759639 0.012418772563176896
1 0.3827399507793273 0.7637725631768953 0.00974569319114028 0.018050541516245487
1 0.45580803937653813 0.8985740072202166 0.005127153404429861 0.014675090252707582
1 0.33941755537325674 0.776173285198556 0.010254306808859722 0.02256317689530686
1 0.4227317473338802 0.7067870036101083 0.00974569319114028 0.02144404332129964
1 0.43503691550451185 0.769404332129964 0.007694831829368335 0.0157942238267148
1 0.43580803937653817 0.7428880866425993 0.008203445447087777 0.019187725631768956
1 0.47631665299425757 0.7553068592057761 0.011279737489745693 0.023700361010830326
1 0.46246923707957344 0.7327436823104693 0.011279737489745693 0.019187725631768956
1 0.47913043478260864 0.7287906137184116 0.00974569319114028 0.020306859205776174
1 0.27210008203445446 0.8840613718411552 0.01125512715340443 0.02736462093862816
1 0.25581624282198523 0.9453068592057763 0.009474979491386383 0.02996389891696751
1 0.17853978671041837 0.8351985559566787 0.01125512715340443 0.023447653429602887
1 0.22798195242001643 0.8338989169675091 0.008293683347005741 0.018249097472924188
1 0.31325676784249384 0.839115523465704 0.007104183757178015 0.018249097472924188
1 0.09918785890073831 0.8215162454873647 0.007694831829368335 0.02214801444043321
1 0.28512715340442985 0.7342238267148015 0.006513535684987695 0.01693140794223827
1 0.2164315012305168 0.6886101083032491 0.006513535684987695 0.014332129963898918
1 0.09118949958982772 0.9446570397111914 0.007104183757178015 0.02084837545126354
1 0.3274651353568499 0.9804873646209388 0.007104183757178015 0.014332129963898918
1 0.15337161607875308 0.7439891696750903 0.009474979491386383 0.023447653429602887
1 0.07461033634126334 0.9381407942238268 0.005922887612797374 0.015631768953068594
1 0.29370795734208366 0.499043321299639 0.01302707136997539 0.02606498194945848
1 0.09652173913043478 0.732274368231047 0.01302707136997539 0.02606498194945848
1 0.0654306808859721 0.7498555956678701 0.008884331419196062 0.01693140794223827
1 0.07135356849876949 0.6925270758122745 0.005332239540607055 0.014332129963898918
1 0.07372436423297786 0.9746209386281589 0.01125512715340443 0.023447653429602887
1 0.179721082854799 0.5791696750902527 0.014807219031993437 0.02476534296028881
1 0.2235438884331419 0.5068592057761733 0.01125512715340443 0.023447653429602887
1 0.14833470057424117 0.5153249097472924 0.010065627563576702 0.019548736462093864
1 0.3221328958162428 0.624115523465704 0.015397867104183756 0.028664259927797836
1 0.12109926168990977 0.5830866425992779 0.01125512715340443 0.02476534296028881
1 0.2099179655455291 0.7329241877256318 0.007694831829368335 0.019548736462093864
1 0.04411812961443806 0.8098014440433213 0.007694831829368335 0.01693140794223827
1 0.02487284659557014 0.9681046931407943 0.007104183757178015 0.01303249097472924
1 0.12702214930270714 0.5622382671480145 0.007694831829368335 0.019548736462093864
1 0.3221328958162428 0.7244584837545127 0.005922887612797374 0.01303249097472924
1 0.29252666119770304 0.5915523465703971 0.010656275635767022 0.02084837545126354
1 0.30111566858080396 0.6026173285198556 0.006513535684987695 0.01693140794223827
1 0.03582444626743232 0.8189169675090253 0.007694831829368335 0.02476534296028881
1 0.015988515176374077 0.6260830324909747 0.007104183757178015 0.014332129963898918
1 0.04737489745693191 0.577870036101083 0.007104183757178015 0.014332129963898918
1 0.0331583264971288 0.7036101083032491 0.005922887612797374 0.01303249097472924
1 0.053297785069729285 0.5133754512635379 0.011845775225594749 0.02606498194945848
1 0.18801476620180477 0.7778700361010831 0.010065627563576702 0.02606498194945848
1 0.211402789171452 0.8664801444043321 0.005922887612797374 0.015631768953068594
1 0.20133716160787532 0.5003429602888086 0.005922887612797374 0.015631768953068594
1 0.2315340442986054 0.6547472924187726 0.008293683347005741 0.01693140794223827
1 0.11059064807219032 0.7649638989169676 0.005471698113207547 0.01203971119133574
1 0.11059064807219032 0.7806317689530686 0.0043806398687448725 0.01203971119133574
1 0.1393355209187859 0.7408664259927797 0.004930270713699753 0.01203971119133574
1 0.13605414273995078 0.7908664259927798 0.003831009023789992 0.010848375451263537
1 0.24116488925348648 0.6101624548736462 0.004930270713699753 0.013249097472924187
1 0.09635767022149302 0.5933032490974729 0.00985233798195242 0.02530685920577617
0 0.1108695652173913 0.6655776173285199 0.026825266611977032 0.05902527075812275
1 0.09252666119770304 0.6462996389891696 0.00985233798195242 0.022888086642599278
1 0.22173092698933553 0.6161913357400722 0.006570959803117309 0.010848375451263537
1 0.11360131255127152 0.8486823104693141 0.006021328958162428 0.010848375451263537
1 0.14781788351107464 0.6872563176895307 0.012042657916324856 0.02530685920577617
1 0.09772764561115668 0.5475270758122743 0.008211648892534864 0.013249097472924187
1 0.09088597210828549 0.5595667870036101 0.005471698113207547 0.013249097472924187
1 0.04105824446267432 0.6047472924187726 0.005471698113207547 0.014458483754512636
1 0.32000820344544706 0.6830505415162456 0.006021328958162428 0.01203971119133574
1 0.31151763740771127 0.687870036101083 0.008761279737489745 0.01927797833935018
1 0.26716981132075474 0.5752346570397112 0.005471698113207547 0.010848375451263537
1 0.139064807219032 0.31561371841155234 0.012042657916324856 0.01927797833935018
1 0.06816242821985234 0.4047653429602888 0.006021328958162428 0.014458483754512636
1 0.06652173913043478 0.4451263537906137 0.006021328958162428 0.01566787003610108
1 0.16095980311730929 0.15601083032490975 0.006570959803117309 0.013249097472924187
1 0.19599671862182116 0.18792418772563177 0.006570959803117309 0.014458483754512636
1 0.2515668580803938 0.21323104693140793 0.00712059064807219 0.014458483754512636
1 0.2225512715340443 0.23550541516245488 0.00712059064807219 0.01566787003610108
1 0.17601312551271533 0.2090072202166065 0.00712059064807219 0.013249097472924187
1 0.14918785890073832 0.18552346570397113 0.00712059064807219 0.014458483754512636
1 0.20722723543888436 0.33007220216606503 0.0104019688269073 0.024097472924187725
1 0.037227235438884336 0.44453068592057765 0.007662018047579984 0.01203971119133574
1 0.04926989335520919 0.45355595667870036 0.0043806398687448725 0.010848375451263537
1 0.0736341263330599 0.6149819494584837 0.01697292863002461 0.046985559566787
1 0.10347826086956521 0.3535740072202166 0.006570959803117309 0.013249097472924187
1 0.018613617719442168 0.47886281588447654 0.006570959803117309 0.01566787003610108
1 0.03859721082854799 0.4927075812274368 0.006021328958162428 0.01203971119133574
1 0.026825266611977032 0.5125812274368231 0.0043806398687448725 0.008429602888086642
1 0.12072190319934373 0.44391696750902526 0.00712059064807219 0.013249097472924187
1 0.09963904840032814 0.46319494584837545 0.006570959803117309 0.013249097472924187
1 0.10621000820344545 0.4993321299638989 0.012042657916324856 0.020487364620938628
1 0.09197703035274815 0.4722382671480144 0.005471698113207547 0.01203971119133574
1 0.09252666119770304 0.46138989169675093 0.005471698113207547 0.01203971119133574
1 0.15986874487284658 0.3077978339350181 0.013141919606234618 0.022888086642599278
1 0.16890073831009023 0.3487545126353791 0.009310910582444626 0.01806859205776173
1 0.17164068908941754 0.2963537906137184 0.004930270713699753 0.014458483754512636
1 0.15821985233798197 0.36622743682310466 0.005471698113207547 0.01203971119133574
1 0.1532977850697293 0.3565884476534296 0.008761279737489745 0.016859205776173284
1 0.09224774405250205 0.1385379061371841 0.00712059064807219 0.014458483754512636
1 0.07090237899917966 0.3065884476534296 0.00712059064807219 0.01566787003610108
1 0.2258408531583265 0.6396750902527075 0.008211648892534864 0.016859205776173284
1 0.20995898277276456 0.8185740072202167 0.00712059064807219 0.013249097472924187
1 0.22337161607875308 0.7956859205776173 0.010951599671862182 0.01566787003610108
1 0.21762920426579166 0.8059205776173286 0.012592288761279737 0.02167870036101083
1 0.21488925348646432 0.44211191335740074 0.009310910582444626 0.01927797833935018
1 0.22200164068908942 0.4812635379061372 0.00712059064807219 0.010848375451263537
1 0.35121410992616897 0.832418772563177 0.003831009023789992 0.00963898916967509
1 0.36380639868744874 0.7583393501805055 0.009310910582444626 0.01566787003610108
1 0.25895816242821984 0.42223826714801443 0.006570959803117309 0.013249097472924187
1 0.24226415094339623 0.42644404332129965 0.00712059064807219 0.01203971119133574
1 0.25430680885972107 0.43368231046931405 0.006021328958162428 0.01203971119133574
1 0.18559474979491386 0.5252346570397112 0.006570959803117309 0.014458483754512636
1 0.10292863002461033 0.5643862815884477 0.0043806398687448725 0.010848375451263537
1 0.3197292863002461 0.4662093862815884 0.005471698113207547 0.01203971119133574
1 0.3137079573420837 0.458971119133574 0.006570959803117309 0.01203971119133574
1 0.3722887612797375 0.48368231046931404 0.005471698113207547 0.010848375451263537
1 0.3624364232977851 0.5113898916967509 0.006570959803117309 0.02530685920577617
1 0.3939130434782609 0.5119855595667869 0.009310910582444626 0.014458483754512636
1 0.37968006562756357 0.5565523465703971 0.00712059064807219 0.01927797833935018
1 0.38762100082034456 0.5854693140794224 0.006570959803117309 0.01203971119133574
1 0.39008203445447087 0.6240252707581228 0.011501230516817063 0.016859205776173284
1 0.36955701394585727 0.565595667870036 0.007662018047579984 0.013249097472924187
1 0.3618867924528302 0.5686101083032491 0.006570959803117309 0.01203971119133574
1 0.18943396226415093 0.3951263537906137 0.007662018047579984 0.01927797833935018
1 0.21598031173092697 0.6312454873646209 0.009310910582444626 0.01927797833935018
1 0.3679081214109926 0.6294404332129964 0.006570959803117309 0.010848375451263537
1 0.38406070549630844 0.6523285198555956 0.011501230516817063 0.01566787003610108
1 0.4190976210008203 0.5957039711191335 0.009310910582444626 0.020487364620938628
1 0.43086956521739134 0.5360830324909748 0.005471698113207547 0.01203971119133574
1 0.4382608695652174 0.5649819494584838 0.006021328958162428 0.016859205776173284
1 0.3826907301066448 0.8468772563176895 0.0043806398687448725 0.01203971119133574
1 0.39528301886792455 0.9848194945848376 0.0043806398687448725 0.013249097472924187
1 0.014782608695652174 0.28550541516245487 0.013141919606234618 0.02167870036101083
1 0.03558654634946678 0.28310469314079423 0.00985233798195242 0.02167870036101083
1 0.026554552912223132 0.2818953068592058 0.004930270713699753 0.014458483754512636
1 0.03394585726004922 0.19575812274368232 0.006570959803117309 0.01806859205776173
1 0.026825266611977032 0.14335740072202166 0.014232977850697295 0.02891696750902527
1 0.029565217391304348 0.12709386281588447 0.005471698113207547 0.013249097472924187
1 0.030385561936013123 0.08673285198555956 0.0104019688269073 0.02167870036101083
1 0.016423297785069728 0.09696750902527075 0.005471698113207547 0.013249097472924187
1 0.0662428219852338 0.18671480144404332 0.010951599671862182 0.01927797833935018
1 0.05967186218211649 0.16624548736462094 0.013141919606234618 0.024097472924187725
1 0.06706316652994257 0.07288808664259928 0.00712059064807219 0.013249097472924187
1 0.07965545529122231 0.08371841155234658 0.009310910582444626 0.01566787003610108
1 0.14261689909762099 0.22648014440433212 0.006021328958162428 0.01203971119133574
1 0.07391304347826086 0.2590072202166065 0.005471698113207547 0.00963898916967509
1 0.05967186218211649 0.2824909747292419 0.006570959803117309 0.013249097472924187
1 0.1872436423297785 0.07649819494584838 0.006570959803117309 0.010848375451263537
1 0.23104183757178012 0.11263537906137183 0.00985233798195242 0.02770758122743682
1 0.19709598031173092 0.1180505415162455 0.007662018047579984 0.01927797833935018
1 0.18943396226415093 0.1481768953068592 0.013141919606234618 0.024097472924187725
1 0.2595077932731747 0.32465703971119136 0.007662018047579984 0.01566787003610108
1 0.2707301066447908 0.27346570397111913 0.004930270713699753 0.014458483754512636
1 0.24472518457752254 0.3427256317689531 0.006570959803117309 0.013249097472924187
1 0.2187202625102543 0.3620036101083033 0.006021328958162428 0.008429602888086642
1 0.21981952420016404 0.33550541516245486 0.011501230516817063 0.03010830324909747
1 0.1976456111566858 0.3607942238267148 0.005471698113207547 0.010848375451263537
1 0.10621000820344545 0.27225631768953074 0.0043806398687448725 0.01203971119133574
1 0.23870385561936014 0.32826714801444046 0.006570959803117309 0.013249097472924187
1 0.31233798195242 0.26803249097472925 0.00712059064807219 0.01806859205776173
1 0.27757178014766204 0.2565884476534296 0.007662018047579984 0.02167870036101083
1 0.25977850697292865 0.2897292418772563 0.014782608695652174 0.03010830324909747
1 0.28661197703035274 0.2842960288808664 0.006021328958162428 0.014458483754512636
1 0.2890730106644791 0.3264620938628159 0.006570959803117309 0.01203971119133574
1 0.3191878589007383 0.31622743682310467 0.012042657916324856 0.020487364620938628
1 0.29755537325676784 0.21624548736462093 0.004930270713699753 0.01566787003610108
1 0.2781214109926169 0.16925992779783391 0.007662018047579984 0.01566787003610108
1 0.26580803937653813 0.15720216606498197 0.006021328958162428 0.020487364620938628
1 0.24499589827727644 0.1385379061371841 0.012592288761279737 0.02167870036101083
1 0.33643150123051685 0.20359205776173286 0.009310910582444626 0.026498194945848375
1 0.34546349466776044 0.27586642599277983 0.006570959803117309 0.01203971119133574
1 0.3416324856439705 0.30478339350180506 0.010951599671862182 0.02167870036101083
1 0.33971287940935196 0.14395306859205775 0.00712059064807219 0.01806859205776173
1 0.32054963084495486 0.1451624548736462 0.008211648892534864 0.02530685920577617
1 0.31096800656275636 0.14276173285198557 0.010951599671862182 0.022888086642599278
1 0.29099261689909767 0.11745487364620938 0.006021328958162428 0.020487364620938628
1 0.10977030352748154 0.033122743682310475 0.009310910582444626 0.02770758122743682
1 0.07582444626743233 0.015054151624548736 0.00712059064807219 0.01566787003610108
1 0.03312551271534044 0.016859205776173284 0.0104019688269073 0.026498194945848375
1 0.04762920426579163 0.013249097472924187 0.007662018047579984 0.01203971119133574
1 0.11743232157506153 0.09335740072202166 0.008211648892534864 0.020487364620938628
1 0.10977030352748154 0.1048014440433213 0.004930270713699753 0.01203971119133574
1 0.13221493027071368 0.12348375451263538 0.014782608695652174 0.02770758122743682
1 0.15767842493847417 0.048790613718411556 0.007662018047579984 0.02530685920577617
1 0.1565791632485644 0.08191335740072203 0.0043806398687448725 0.01203971119133574
1 0.16424938474159148 0.029512635379061375 0.010951599671862182 0.03492779783393502
1 0.16232977850697292 0.005415162454873646 0.00712059064807219 0.008429602888086642
1 0.26470877768662837 0.08552346570397112 0.006021328958162428 0.014458483754512636
1 0.25457752255947497 0.08673285198555956 0.008761279737489745 0.014458483754512636
1 0.21652994257588187 0.03974729241877256 0.006021328958162428 0.016859205776173284
1 0.20886792452830188 0.03554151624548737 0.00712059064807219 0.01566787003610108
1 0.30795734208367515 0.08191335740072203 0.011501230516817063 0.02167870036101083
1 0.3427235438884331 0.05902527075812275 0.006570959803117309 0.014458483754512636
1 0.33041017227235436 0.028303249097472925 0.013683347005742412 0.02530685920577617
1 0.29317473338802297 0.048790613718411556 0.0104019688269073 0.03252707581227437
1 0.40404429860541424 0.33007220216606503 0.005471698113207547 0.014458483754512636
1 0.44319114027891715 0.24936823104693143 0.006021328958162428 0.01203971119133574
1 0.35641509433962265 0.35176895306859207 0.012042657916324856 0.02167870036101083
1 0.3607957342083675 0.37646209386281587 0.005471698113207547 0.013249097472924187
1 0.37885972108285476 0.33128158844765343 0.007662018047579984 0.016859205776173284
1 0.3826907301066448 0.37043321299638987 0.005471698113207547 0.010848375451263537
1 0.37831009023789997 0.4029602888086643 0.005471698113207547 0.013249097472924187
1 0.3887120590648072 0.16624548736462094 0.010951599671862182 0.026498194945848375
1 0.3673666940114848 0.20962093862815884 0.00985233798195242 0.024097472924187725
1 0.35641509433962265 0.2059927797833935 0.008761279737489745 0.016859205776173284
1 0.35285479901558653 0.22467509025270757 0.004930270713699753 0.013249097472924187
1 0.24417555373256766 0.011444043321299639 0.006570959803117309 0.01566787003610108
1 0.22885151763740774 0.03252707581227437 0.007662018047579984 0.014458483754512636
1 0.36955701394585727 0.016263537906137184 0.005471698113207547 0.013249097472924187
1 0.3446431501230517 0.03193140794223827 0.00712059064807219 0.013249097472924187
1 0.3766694011484824 0.0981768953068592 0.006570959803117309 0.013249097472924187
1 0.35969647251845777 0.08673285198555956 0.006570959803117309 0.00963898916967509
1 0.3887120590648072 0.05902527075812275 0.007662018047579984 0.016859205776173284
1 0.36517637407711234 0.08070397111913358 0.005471698113207547 0.014458483754512636
1 0.3958326497128794 0.12649819494584838 0.006570959803117309 0.014458483754512636
1 0.37420836751435604 0.1451624548736462 0.006021328958162428 0.01566787003610108
1 0.416636587366694 0.16684115523465706 0.016423297785069728 0.022888086642599278
1 0.22200164068908942 0.11925992779783393 0.009310910582444626 0.016859205776173284
1 0.4281378178835111 0.3029783393501805 0.007662018047579984 0.020487364620938628
1 0.41444626743232155 0.286101083032491 0.005471698113207547 0.01566787003610108
1 0.4158162428219852 0.4330685920577617 0.006021328958162428 0.010848375451263537
1 0.3884413453650533 0.4390974729241877 0.003831009023789992 0.008429602888086642
1 0.393642329778507 0.4487364620938628 0.006570959803117309 0.010848375451263537
1 0.3887120590648072 0.3505595667870036 0.006570959803117309 0.014458483754512636
1 0.33834290401968825 0.4848736462093863 0.015332239540607057 0.037346570397111915
1 0.2600574241181296 0.5908844765342961 0.0043806398687448725 0.008429602888086642
1 0.25430680885972107 0.565595667870036 0.004930270713699753 0.008429602888086642
1 0.4533141919606235 0.4547653429602888 0.005471698113207547 0.013249097472924187
1 0.4576948318293683 0.5228339350180505 0.0043806398687448725 0.01203971119133574
1 0.4160869565217391 0.38669675090252703 0.0043806398687448725 0.01203971119133574
1 0.4675553732567679 0.2692418772563177 0.006570959803117309 0.013249097472924187
1 0.463174733388023 0.2842960288808664 0.006570959803117309 0.016859205776173284
1 0.30823625922887615 0.014458483754512636 0.006570959803117309 0.014458483754512636
1 0.4607054963084496 0.13673285198555957 0.006021328958162428 0.013249097472924187
1 0.47466776045939296 0.13129963898916966 0.005471698113207547 0.016859205776173284
1 0.4596144380639869 0.05240072202166065 0.009310910582444626 0.01806859205776173
1 0.4316899097621001 0.022888086642599278 0.009310910582444626 0.026498194945848375
1 0.408974569319114 0.03010830324909747 0.005471698113207547 0.016859205776173284
1 0.41499589827727645 0.007220216606498195 0.008761279737489745 0.01203971119133574
1 0.40377358490566034 0.049386281588447656 0.009310910582444626 0.01927797833935018
1 0.408695652173913 0.06324909747292419 0.008211648892534864 0.022888086642599278
1 0.41800656275635767 0.0921480144404332 0.008211648892534864 0.020487364620938628
1 0.451402789171452 0.10722021660649819 0.004930270713699753 0.00963898916967509
1 0.44456111566858075 0.19395306859205777 0.0043806398687448725 0.01203971119133574
1 0.4607054963084496 0.17709386281588446 0.006021328958162428 0.014458483754512636
1 0.45523379819524196 0.17889891696750904 0.004930270713699753 0.01566787003610108
1 0.4905496308449549 0.19756317689530686 0.005471698113207547 0.014458483754512636
1 0.4754881050041017 0.19335740072202168 0.011501230516817063 0.020487364620938628
1 0.47275635767022145 0.22707581227436824 0.004930270713699753 0.010848375451263537
1 0.4672764561115669 0.22467509025270757 0.004930270713699753 0.010848375451263537
1 0.45523379819524196 0.22287003610108302 0.006021328958162428 0.01203971119133574
1 0.45852337981952423 0.32586642599277976 0.0104019688269073 0.02530685920577617
1 0.532428219852338 0.20359205776173286 0.00712059064807219 0.014458483754512636
1 0.5414602132895816 0.2403249097472924 0.006570959803117309 0.01806859205776173
1 0.5203855619360132 0.2590072202166065 0.009310910582444626 0.02167870036101083
1 0.4924610336341263 0.03554151624548737 0.006021328958162428 0.013249097472924187
1 0.532428219852338 0.11985559566787005 0.0104019688269073 0.020487364620938628
1 0.5650041017227235 0.15660649819494585 0.018613617719442168 0.03613718411552346
1 0.5480311730926989 0.1710649819494585 0.005471698113207547 0.01203971119133574
1 0.5045118949958983 0.26684115523465707 0.00712059064807219 0.013249097472924187
1 0.5283264971287941 0.33187725631768955 0.006570959803117309 0.013249097472924187
1 0.43799015586546347 0.40537906137184115 0.010951599671862182 0.01806859205776173
1 0.5105332239540608 0.34574007220216607 0.00712059064807219 0.014458483754512636
1 0.5808859721082855 0.44693140794223823 0.006570959803117309 0.016859205776173284
1 0.6244052502050861 0.19516245487364622 0.006021328958162428 0.014458483754512636
1 0.5291468416735029 0.5716064981949459 0.009310910582444626 0.020487364620938628
1 0.5242165709598031 0.584259927797834 0.00712059064807219 0.014458483754512636
1 0.5004019688269074 0.47584837545126357 0.006570959803117309 0.01203971119133574
1 0.3681132075471698 0.42530685920577616 0.01 0.017779783393501804
1 0.3594585726004922 0.6081227436823105 0.008843314191960622 0.01608303249097473
1 0.4394667760459393 0.6462093862815884 0.0057670221493027075 0.011010830324909746
1 0.4119688269073011 0.6271660649819495 0.0030762920426579163 0.008465703971119135
1 0.4594749794913864 0.6779602888086642 0.004232977850697293 0.010162454873646209
1 0.5063986874487284 0.7308483754512635 0.004232977850697293 0.011010830324909746
1 0.5156357670221493 0.5357581227436823 0.004232977850697293 0.01184115523465704
1 0.48505332239540605 0.4363176895306859 0.0053814602132895815 0.012689530685920578
1 0.4885151763740771 0.6339350180505415 0.004618539786710419 0.008465703971119135
1 0.4906316652994258 0.529404332129964 0.008843314191960622 0.01608303249097473
1 0.47293683347005744 0.5074007220216606 0.005004101722723544 0.009314079422382672
1 0.4631255127153404 0.5133393501805054 0.004618539786710419 0.011010830324909746
1 0.46793273174733385 0.473971119133574 0.0073092698933552094 0.020306859205776174
1 0.5333223954060705 0.5141696750902528 0.0034618539786710418 0.007617328519855595
1 0.5312141099261689 0.5492960288808665 0.0069237079573420835 0.023700361010830326
1 0.4956275635767022 0.5996570397111913 0.0073092698933552094 0.019458483754512635
1 0.48273995077932735 0.6017870036101083 0.0061525840853158325 0.01184115523465704
1 0.4488925348646432 0.5522563176895307 0.0053814602132895815 0.009314079422382672
1 0.4454306808859721 0.5683393501805054 0.004618539786710419 0.011010830324909746
1 0.42985233798195244 0.6009386281588448 0.004232977850697293 0.010162454873646209
1 0.46505332239540603 0.6081227436823105 0.004618539786710419 0.011010830324909746
1 0.4754388843314192 0.6445126353790613 0.007694831829368335 0.01608303249097473
1 0.5529450369155045 0.5425270758122743 0.0034618539786710418 0.006768953068592058
1 0.5440935192780968 0.5674909747292418 0.0034618539786710418 0.00592057761732852
1 0.5754470877768663 0.559043321299639 0.004618539786710419 0.007617328519855595
1 0.5100574241181296 0.43842960288808663 0.0038474159146841677 0.006768953068592058
1 0.49755537325676785 0.5789169675090253 0.00808039376538146 0.01693140794223827
1 0.5769811320754717 0.5217870036101083 0.0061525840853158325 0.01608303249097473
1 0.5392863002461034 0.6614440433212996 0.0038474159146841677 0.00592057761732852
1 0.4256193601312552 0.8853249097472925 0.004232977850697293 0.008465703971119135
1 0.4290812141099261 0.4071119133574007 0.004232977850697293 0.010162454873646209
1 0.4267760459392945 0.38933212996389893 0.0057670221493027075 0.013537906137184115
1 0.4633223954060705 0.405 0.005004101722723544 0.011010830324909746
1 0.45447087776866285 0.4121841155234657 0.004232977850697293 0.010162454873646209
1 0.46351107465135355 0.4312274368231047 0.004618539786710419 0.007617328519855595
1 0.4462018047579983 0.43250902527075813 0.010771123872026252 0.018628158844765343
1 0.5319770303527481 0.40584837545126357 0.0053814602132895815 0.009314079422382672
1 0.5404429860541426 0.4287003610108303 0.004618539786710419 0.009314079422382672
1 0.5979491386382281 0.30003610108303247 0.00808039376538146 0.01608303249097473
1 0.577949138638228 0.3939891696750903 0.004232977850697293 0.014386281588447652
1 0.5731419196062346 0.3897653429602888 0.0061525840853158325 0.012689530685920578
1 0.5604429860541427 0.42530685920577616 0.0038474159146841677 0.007617328519855595
1 0.5873666940114848 0.4126173285198556 0.0030762920426579163 0.00592057761732852
1 0.6291058244462674 0.39357400722021657 0.005004101722723544 0.01184115523465704
1 0.5689089417555373 0.602202166064982 0.007694831829368335 0.019458483754512635
1 0.5848728465955702 0.6085559566787003 0.0034618539786710418 0.008465703971119135
1 0.5760213289581624 0.6225090252707581 0.005004101722723544 0.012689530685920578
1 0.6214109926168991 0.607274368231047 0.006538146021328958 0.012689530685920578
1 0.6437243642329779 0.559043321299639 0.005004101722723544 0.011010830324909746
1 0.6127563576702215 0.6102346570397111 0.0038474159146841677 0.010162454873646209
1 0.6262182116488926 0.5882310469314079 0.0053814602132895815 0.010162454873646209
1 0.6433388022969647 0.5412635379061372 0.005004101722723544 0.012689530685920578
1 0.6314109926168991 0.5395667870036102 0.009614438063986874 0.019458483754512635
1 0.637374897456932 0.524332129963899 0.0061525840853158325 0.012689530685920578
1 0.5989089417555373 0.5213718411552346 0.0053814602132895815 0.013537906137184115
1 0.6846841673502871 0.43927797833935023 0.008465955701394585 0.0253971119133574
1 0.5140935192780968 0.3736823104693141 0.00808039376538146 0.021155234657039713
1 0.5796800656275636 0.352942238267148 0.0061525840853158325 0.013537906137184115
1 0.5864068908941756 0.3542057761732852 0.00808039376538146 0.019458483754512635
1 0.4852420016406891 0.39018050541516247 0.004232977850697293 0.01184115523465704
1 0.6391058244462675 0.43673285198555956 0.0034618539786710418 0.008465703971119135
1 0.6496882690730107 0.3622563176895307 0.0061525840853158325 0.010162454873646209
1 0.644298605414274 0.49936823104693134 0.008465955701394585 0.020306859205776174
1 0.6325676784249384 0.5048736462093862 0.005004101722723544 0.009314079422382672
1 0.6364150943396226 0.49301444043321296 0.0034618539786710418 0.007617328519855595
1 0.6129532403609517 0.5425270758122743 0.0073092698933552094 0.018628158844765343
1 0.6033305988515176 0.5827256317689531 0.00808039376538146 0.01608303249097473
1 0.6141017227235439 0.5789169675090253 0.004232977850697293 0.010162454873646209
1 0.6100656275635766 0.5607220216606498 0.0053814602132895815 0.012689530685920578
1 0.6081378178835111 0.5696209386281589 0.008465955701394585 0.01184115523465704
1 0.6714191960623462 0.42826714801444044 0.006538146021328958 0.010162454873646209
1 0.6298769483182938 0.3313537906137184 0.0057670221493027075 0.014386281588447652
1 0.6279491386382281 0.35633574007220215 0.010385561936013126 0.022003610108303248
1 0.6733388022969646 0.37749097472924187 0.005004101722723544 0.008465703971119135
1 0.6704593929450369 0.38467509025270763 0.0053814602132895815 0.011010830324909746
1 0.6681460213289582 0.5061371841155234 0.0038474159146841677 0.008465703971119135
1 0.6825758818703855 0.49386281588447656 0.004232977850697293 0.009314079422382672
1 0.6898769483182937 0.641985559566787 0.0034618539786710418 0.009314079422382672
1 0.6458408531583265 0.40584837545126357 0.0030762920426579163 0.007617328519855595
1 0.6104511894995898 0.5010649819494585 0.0038474159146841677 0.008465703971119135
1 0.6889171452009843 0.2860830324909747 0.0053814602132895815 0.010162454873646209
1 0.6562264150943397 0.2746570397111913 0.0061525840853158325 0.017779783393501804
1 0.5483264971287941 0.38637184115523465 0.011156685808039376 0.022851985559566787
1 0.6858408531583264 0.25687725631768954 0.0069237079573420835 0.012689530685920578
1 0.6904593929450369 0.24290613718411552 0.0038474159146841677 0.008465703971119135
1 0.6014109926168991 0.2640794223826715 0.0057670221493027075 0.01523465703971119
1 0.5939130434782609 0.2153971119133574 0.01 0.021155234657039713
1 0.578137817883511 0.21117328519855594 0.007694831829368335 0.019458483754512635
1 0.5802543068088598 0.23994584837545127 0.005004101722723544 0.009314079422382672
1 0.5798687448728466 0.2522202166064982 0.005004101722723544 0.013537906137184115
1 0.5537161607875308 0.2534837545126354 0.005004101722723544 0.012689530685920578
1 0.5927563576702215 0.187057761732852 0.0038474159146841677 0.008465703971119135
1 0.5817965545529122 0.18027075812274368 0.0057670221493027075 0.010162454873646209
1 0.5908285479901559 0.1929783393501805 0.0030762920426579163 0.008465703971119135
1 0.5552502050861362 0.12483754512635378 0.005004101722723544 0.014386281588447652
1 0.56447908121411 0.11256317689530686 0.0057670221493027075 0.01184115523465704
1 0.5992945036915505 0.13626353790613718 0.0053814602132895815 0.01523465703971119
1 0.5827563576702215 0.10453068592057761 0.007694831829368335 0.019458483754512635
1 0.5835274815422478 0.06981949458483755 0.0053814602132895815 0.019458483754512635
1 0.5508285479901559 0.060090252707581226 0.0053814602132895815 0.01523465703971119
1 0.5108203445447088 0.07279783393501804 0.01 0.018628158844765343
1 0.5077440525020509 0.023267148014440433 0.0053814602132895815 0.009314079422382672
1 0.5023625922887612 0.03342960288808664 0.0053814602132895815 0.011010830324909746
1 0.5189007383100902 0.039783393501805056 0.004618539786710419 0.010162454873646209
1 0.5223625922887613 0.05628158844765343 0.012305168170631665 0.017779783393501804
1 0.6381460213289581 0.17054151624548738 0.010771123872026252 0.019458483754512635
1 0.6733388022969646 0.12398916967509024 0.005004101722723544 0.011010830324909746
1 0.6685315832649713 0.1366967509025271 0.004618539786710419 0.012689530685920578
1 0.6456439704675964 0.14388086642599276 0.004232977850697293 0.010162454873646209
1 0.6167924528301887 0.12568592057761732 0.006538146021328958 0.012689530685920578
1 0.637571780147662 0.11722021660649819 0.006538146021328958 0.017779783393501804
1 0.66064807219032 0.15954873646209386 0.0073092698933552094 0.021155234657039713
1 0.661033634126333 0.05754512635379061 0.005004101722723544 0.010162454873646209
1 0.6498769483182937 0.06305054151624549 0.00808039376538146 0.02454873646209386
1 0.6239130434782608 0.029205776173285198 0.0061525840853158325 0.012689530685920578
1 0.6306398687448729 0.008032490974729242 0.005004101722723544 0.011010830324909746
1 0.5937161607875308 0.017779783393501804 0.005004101722723544 0.010162454873646209
1 0.5804429860541427 0.026245487364620936 0.004618539786710419 0.010162454873646209
1 0.5627481542247744 0.021155234657039713 0.0061525840853158325 0.01184115523465704
1 0.5696718621821164 0.00720216606498195 0.0069237079573420835 0.011010830324909746
1 0.5687120590648073 0.09225631768953069 0.0034618539786710418 0.010162454873646209
1 0.5356357670221493 0.06898916967509025 0.0034618539786710418 0.007617328519855595
1 0.6285315832649713 0.1451624548736462 0.0069237079573420835 0.017779783393501804
1 0.39639048400328136 0.05754512635379061 0.004232977850697293 0.008465703971119135
1 0.7573913043478261 0.0363898916967509 0.004618539786710419 0.01184115523465704
1 0.7612387202625103 0.03301444043321299 0.0030762920426579163 0.006768953068592058
1 0.7283429040196883 0.13160649819494585 0.004232977850697293 0.012689530685920578
1 0.7246923707957342 0.14388086642599276 0.010771123872026252 0.020306859205776174
1 0.7396964725184578 0.11722021660649819 0.012305168170631665 0.026245487364620936
1 0.7016160787530763 0.11384476534296029 0.011542247744052502 0.021155234657039713
1 0.7104593929450369 0.07787003610108303 0.0069237079573420835 0.013537906137184115
1 0.7000738310090238 0.07025270758122744 0.007694831829368335 0.01184115523465704
1 0.743921246923708 0.041480144404332134 0.008465955701394585 0.023700361010830326
1 0.7256521739130435 0.07490974729241877 0.0057670221493027075 0.014386281588447652
1 0.6964232977850697 0.017779783393501804 0.006538146021328958 0.01184115523465704
1 0.734118129614438 0.06855595667870036 0.004232977850697293 0.010162454873646209
1 0.7441181296144381 0.015649819494584837 0.011156685808039376 0.019458483754512635
1 0.8252830188679245 0.09648014440433214 0.004232977850697293 0.008465703971119135
1 0.8220098441345365 0.0033935018050541515 0.0061525840853158325 0.006768953068592058
1 0.8066201804757999 0.004223826714801444 0.0061525840853158325 0.008465703971119135
1 0.7991222313371616 0.004657039711191336 0.0057670221493027075 0.007617328519855595
1 0.8108531583264971 0.021155234657039713 0.0061525840853158325 0.01184115523465704
1 0.8693191140278917 0.0038086642599277974 0.004618539786710419 0.007617328519855595
1 0.7150779327317472 0.2471480144404332 0.007694831829368335 0.020306859205776174
1 0.9056767842493847 0.2065162454873646 0.004232977850697293 0.01523465703971119
1 0.886825266611977 0.2805776173285198 0.005004101722723544 0.012689530685920578
1 0.8243150123051682 0.029205776173285198 0.008465955701394585 0.012689530685920578
1 0.6612223133716161 0.9449819494584837 0.004618539786710419 0.011010830324909746
1 0.29041837571780144 0.9284837545126353 0.0030762920426579163 0.008465703971119135
1 0.37292042657916324 0.8683935018050541 0.004232977850697293 0.008465703971119135
1 0.322149302707137 0.8066064981949459 0.004232977850697293 0.008465703971119135
1 0.36022969647251846 0.8997111913357401 0.0057670221493027075 0.013537906137184115
1 0.05442986054142739 0.29962093862815886 0.004232977850697293 0.010162454873646209
1 0.0019196062346185396 0.45238267148014444 0.0038474159146841677 0.012689530685920578
1 0.2123297785069729 0.07279783393501804 0.0038474159146841677 0.008465703971119135
1 0.0023051681706316653 0.08929602888086642 0.004618539786710419 0.012689530685920578
1 0.19886792452830188 0.0033935018050541515 0.0038474159146841677 0.006768953068592058
1 0.2631009023789992 0.1345667870036101 0.0030762920426579163 0.008465703971119135
1 0.6200656275635767 0.31866425992779784 0.0038474159146841677 0.007617328519855595
1 0.6929614438063987 0.5446389891696751 0.004232977850697293 0.011010830324909746
1 0.6004511894995899 0.004657039711191336 0.0038474159146841677 0.007617328519855595
1 0.07866283839212469 0.1197653429602888 0.008843314191960622 0.022851985559566787
1 0.07289581624282199 0.09776173285198556 0.011156685808039376 0.026245487364620936
1 0.30080393765381463 0.006768953068592058 0.0061525840853158325 0.013537906137184115
1 0.2765709598031173 0.00296028880866426 0.004618539786710419 0.00592057761732852