1 0.33358855375096674 0.5783992094861661 0.013402938901778808 0.02899209486166008
1 0.48002320185614844 0.6317588932806324 0.006187161639597835 0.017134387351778656
1 0.4717710750193349 0.6212055335968379 0.006187161639597835 0.017134387351778656
1 0.48053364269141535 0.3820750988142293 0.0072157772621809745 0.023715415019762844
1 0.5212683681361175 0.3524308300395257 0.008252126836813612 0.017134387351778656
1 0.49471771075019333 0.28986166007905134 0.005668986852281516 0.015810276679841896
1 0.5065738592420727 0.3089525691699605 0.004640371229698376 0.009229249011857708
1 0.6437200309358082 0.33794466403162055 0.004640371229698376 0.011857707509881422
1 0.6878035576179428 0.28918972332015813 0.011345707656612528 0.03294466403162056
1 0.6702784222737819 0.30632411067193677 0.014439288476411448 0.043478260869565216
1 0.7442614075792731 0.3339920948616601 0.0067053364269141534 0.017134387351778656
1 0.6875483372003094 0.18049407114624505 0.005668986852281516 0.015810276679841896
1 0.6532637277648878 0.5375494071146245 0.004122196442382057 0.010533596837944664
1 0.674400618716164 0.5658695652173913 0.004122196442382057 0.011857707509881422
1 0.5465351894818252 0.5968379446640316 0.005158546017014694 0.015810276679841896
1 0.43516627996906415 0.22594861660079052 0.004122196442382057 0.011857707509881422
1 0.39752513534416084 0.16468379446640316 0.013402938901778808 0.03162055335968379
1 0.4253673627223511 0.4525691699604743 0.005158546017014694 0.014486166007905138
1 0.502706883217324 0.2108102766798419 0.006187161639597835 0.013181818181818182
1 0.48105181747873166 0.7674505928853754 0.006187161639597835 0.014486166007905138
1 0.2036581593194122 0.7193675889328063 0.005158546017014694 0.013181818181818182
1 0.6741453982985305 0.6851185770750988 0.0067053364269141534 0.018438735177865612
1 0.5217865429234338 0.7358300395256917 0.006187161639597835 0.011857707509881422
1 0.5132791956689868 0.7523122529644269 0.005668986852281516 0.015810276679841896
1 0.45191802010827536 0.2740513833992095 0.005668986852281516 0.015810276679841896
1 0.4532095901005414 0.29051383399209485 0.006187161639597835 0.014486166007905138
1 0.40036349574632635 0.33859683794466405 0.005668986852281516 0.013181818181818182
1 0.6220649651972158 0.5375494071146245 0.005668986852281516 0.010533596837944664
1 0.6808430007733952 0.7299011857707509 0.005668986852281516 0.018438735177865612
1 0.7429775715390564 0.6093478260869565 0.0072157772621809745 0.02766798418972332
1 0.7354988399071926 0.7648221343873518 0.004640371229698376 0.014486166007905138
1 0.6952822892498066 0.6389920948616601 0.004640371229698376 0.013181818181818182
1 0.5483372003093581 0.8379446640316206 0.0067053364269141534 0.013181818181818182
1 0.37252126836813615 0.2476877470355731 0.00979891724671307 0.023715415019762844
1 0.7736504253673627 0.5895849802371541 0.007733952049497293 0.017134387351778656
1 0.7605027068832173 0.2865612648221344 0.010309358081979891 0.019762845849802372
1 0.7775174013921115 0.16140316205533597 0.013402938901778808 0.02766798418972332
1 0.8540835266821345 0.541501976284585 0.0067053364269141534 0.018438735177865612
1 0.7999458623356535 0.6172529644268775 0.005668986852281516 0.014486166007905138
1 0.84738592420727 0.7786561264822134 0.008762567672080434 0.015810276679841896
1 0.8326914153132251 0.23847826086956522 0.005158546017014694 0.013181818181818182
1 0.8172235112142305 0.25756916996047435 0.006187161639597835 0.017134387351778656
1 0.8669760247486465 0.2542885375494071 0.005668986852281516 0.013181818181818182
1 0.8553750966744006 0.22727272727272727 0.013402938901778808 0.03294466403162056
1 0.8231477184841454 0.3583596837944664 0.004640371229698376 0.013181818181818182
1 0.9120881670533643 0.35045454545454546 0.01237432327919567 0.03689723320158103
1 0.7174555297757154 0.7351778656126482 0.004640371229698376 0.015810276679841896
1 0.7958236658932715 0.4472924901185771 0.008762567672080434 0.03557312252964427
1 0.8468677494199536 0.5533596837944664 0.0067053364269141534 0.015810276679841896
1 0.5862335653518949 0.782608695652174 0.004122196442382057 0.013181818181818182
1 0.46017014694508895 0.7562648221343874 0.004640371229698376 0.013181818181818182
1 0.4462490332559938 0.7101383399209485 0.004640371229698376 0.010533596837944664
1 0.7512219644238206 0.5658695652173913 0.0072157772621809745 0.019762845849802372
1 0.8308816705336426 0.6488735177865612 0.007733952049497293 0.022391304347826088
1 0.6238747099767981 0.6824703557312253 0.006187161639597835 0.018438735177865612
1 0.9938128383604021 0.83399209486166 0.0067053364269141534 0.018438735177865612
1 0.8105181747873164 0.9117193675889328 0.006187161639597835 0.013181818181818182
1 0.8324284609435421 0.913695652173913 0.004640371229698376 0.011857707509881422
1 0.9535962877030162 0.9123913043478261 0.005668986852281516 0.014486166007905138
1 0.9231786542923435 0.9795849802371542 0.0067053364269141534 0.014486166007905138
1 0.9804098994586234 0.061916996047430825 0.0067053364269141534 0.015810276679841896
1 0.855630317092034 0.1383399209486166 0.01185614849187935 0.034249011857707505
1 0.8527996906419181 0.17984189723320157 0.011345707656612528 0.022391304347826088
1 0.787061098221191 0.11527667984189723 0.005668986852281516 0.011857707509881422
1 0.7767440061871617 0.0691699604743083 0.005668986852281516 0.017134387351778656
1 0.6970843000773396 0.09618577075098815 0.008252126836813612 0.02108695652173913
1 0.41531322505800466 0.08365612648221343 0.0067053364269141534 0.014486166007905138
1 0.6316086620262954 0.22464426877470356 0.006187161639597835 0.019762845849802372
1 0.605568445475638 0.11527667984189723 0.005668986852281516 0.011857707509881422
1 0.5055452436194895 0.4558695652173913 0.005668986852281516 0.018438735177865612
1 0.4258855375096674 0.29381422924901185 0.005158546017014694 0.010533596837944664
1 0.41840680587780354 0.16798418972332016 0.004640371229698376 0.011857707509881422
1 0.8107733952049496 0.0974901185770751 0.004640371229698376 0.013181818181818182
1 0.9169914926527456 0.17061264822134387 0.0067053364269141534 0.014486166007905138
1 0.39417633410672853 0.9347826086956522 0.01082753286929621 0.02766798418972332
1 0.40242072699149267 0.9354347826086956 0.004640371229698376 0.010533596837944664
1 0.45604795050270686 0.88800395256917 0.005668986852281516 0.013181818181818182
1 0.494199535962877 0.9301778656126483 0.005668986852281516 0.015810276679841896
1 0.25754060324825984 0.9749604743083004 0.0067053364269141534 0.015810276679841896
1 0.29440835266821347 0.11725296442687747 0.014439288476411448 0.03162055335968379
1 0.28409126063418405 0.2101383399209486 0.010309358081979891 0.022391304347826088
1 0.22480278422273783 0.2108102766798419 0.008252126836813612 0.02108695652173913
1 0.2995591647331786 0.33729249011857704 0.009280742459396751 0.018438735177865612
1 0.14153132250580047 0.23715415019762845 0.005668986852281516 0.018438735177865612
1 0.09409899458623357 0.16733201581027668 0.007733952049497293 0.02108695652173913
1 0.3709744779582367 0.07049407114624506 0.005668986852281516 0.014486166007905138
1 0.3268909512761021 0.13043478260869565 0.005158546017014694 0.015810276679841896
1 0.2691415313225058 0.43873517786561267 0.006187161639597835 0.013181818181818182
1 0.2675947409126063 0.008557312252964426 0.008252126836813612 0.017114624505928853
1 0.17736272235112144 0.17193675889328064 0.005158546017014694 0.017134387351778656
1 0.09951276102088166 0.26547430830039526 0.009280742459396751 0.025039525691699604
1 0.38257540603248263 0.28918972332015813 0.004122196442382057 0.011857707509881422
1 0.34416086620262953 0.2885375494071146 0.0067053364269141534 0.018438735177865612
1 0.33694508894044856 0.3840513833992095 0.005668986852281516 0.014486166007905138
1 0.15725444702242847 0.44401185770750984 0.0072157772621809745 0.015810276679841896
1 0.04433874709976798 0.924901185770751 0.014439288476411448 0.023715415019762844
1 0.07063418406805878 0.6561264822134387 0.006187161639597835 0.015810276679841896
1 0.06161639597834494 0.6758893280632411 0.004640371229698376 0.010533596837944664
1 0.058004640371229696 0.7048814229249012 0.005668986852281516 0.010533596837944664
1 0.04795050270688322 0.48551383399209486 0.006187161639597835 0.011857707509881422
1 0.015212683681361177 0.4657509881422925 0.004640371229698376 0.011857707509881422
1 0.10311678267594741 0.6040909090909091 0.005158546017014694 0.011857707509881422
1 0.1033797370456303 0.696304347826087 0.004640371229698376 0.011857707509881422
1 0.07579273008507348 0.8906521739130435 0.008252126836813612 0.018438735177865612
1 0.22067285382830626 0.28986166007905134 0.008252126836813612 0.018438735177865612
1 0.019334880123743233 0.20025691699604742 0.005668986852281516 0.015810276679841896
1 0.04124516627996906 0.21936758893280633 0.006187161639597835 0.014486166007905138
1 0.1263186388244393 0.3807707509881423 0.004122196442382057 0.013181818181818182
1 0.25160866202629545 0.3241106719367589 0.005158546017014694 0.013181818181818182
1 0.2508352668213457 0.34847826086956524 0.0067053364269141534 0.017134387351778656
1 0.12658159319412218 0.428201581027668 0.007733952049497293 0.023715415019762844
1 0.1580278422273782 0.46047430830039526 0.004640371229698376 0.017134387351778656
1 0.26063418406805877 0.3524308300395257 0.005668986852281516 0.011857707509881422
1 0.18174787316318639 0.687094861660079 0.0067053364269141534 0.014486166007905138
1 0.027587006960556847 0.22266798418972333 0.004640371229698376 0.007905138339920948
1 0.09822119102861562 0.23452569169960474 0.0067053364269141534 0.023715415019762844
1 0.22041763341067286 0.3827470355731225 0.004640371229698376 0.019762845849802372
1 0.3008507347254447 0.4064624505928853 0.00979891724671307 0.019762845849802372
1 0.5519489559164733 0.9479644268774704 0.005668986852281516 0.014486166007905138
1 0.6566125290023201 0.4993478260869565 0.0067053364269141534 0.015810276679841896
1 0.44109048723897915 0.27998023715415016 0.0067053364269141534 0.022391304347826088
1 0.44160866202629545 0.31620553359683795 0.005668986852281516 0.023715415019762844
1 0.37020108275328695 0.015810276679841896 0.01237432327919567 0.02634387351778656
1 0.4181515854601701 0.7252964426877471 0.004122196442382057 0.011857707509881422
1 0.6166511987625677 0.9947233201581027 0.005158546017014694 0.010533596837944664
1 0.44631090487238984 0.41138339920948613 0.0031399845320959005 0.011027667984189724