0 0.9462469733656175 0.2924579124579125 0.0192090395480226 0.04808080808080808
0 0.754180790960452 0.6763804713804713 0.021767554479418885 0.05208754208754209
0 0.3441162227602906 0.7959090909090909 0.02112994350282486 0.042727272727272725
0 0.5390637610976594 0.9548148148148148 0.024326069410815172 0.05074074074074074
0 0.8969491525423728 0.9274410774410774 0.03200968523002421 0.04941077441077441
0 0.41102502017756254 0.5261447811447811 0.020484261501210653 0.03205387205387205
0 0.04193704600484262 0.6950841750841751 0.014721549636803872 0.033383838383838384
0 0.0915496368038741 0.9100841750841752 0.025609362389023407 0.04407407407407407
0 0.15108958837772396 0.8486531986531987 0.020484261501210653 0.03872053872053872
0 0.11300242130750604 0.5662121212121212 0.018563357546408393 0.03471380471380472
0 0.2532041969330105 0.9454713804713805 0.018563357546408393 0.03471380471380472
1 0.35820016142050043 0.06543771043771043 0.014721549636803872 0.0267003367003367
1 0.3249152542372881 0.01202020202020202 0.0044794188861985475 0.010690235690235689
1 0.12868442292171106 0.17360269360269362 0.005125100887812752 0.010690235690235689
1 0.18950766747376918 0.30047138047138044 0.0038418079096045198 0.010690235690235689
1 0.2823405972558515 0.39461279461279464 0.006400322841000807 0.009343434343434343
1 0.3498789346246973 0.12887205387205386 0.008321226795803067 0.014696969696969698
1 0.5499515738498789 0.1509090909090909 0.006400322841000807 0.01335016835016835
1 0.5310653753026634 0.24838383838383837 0.007046004842615012 0.010690235690235689
1 0.5083373688458435 0.2911279461279461 0.0076836158192090396 0.016026936026936025
1 0.3441162227602906 0.212996632996633 0.0044794188861985475 0.01202020202020202
1 0.3534059725585149 0.2784343434343434 0.0038418079096045198 0.009343434343434343
1 0.35692493946731235 0.41998316498316496 0.005762711864406779 0.01202020202020202
1 0.13444713478611783 0.5622053872053872 0.0076836158192090396 0.021363636363636362
1 0.39405972558514935 0.18562289562289563 0.005762711864406779 0.010690235690235689
1 0.12580306698950766 0.8025757575757576 0.007046004842615012 0.016026936026936025
1 0.11907990314769976 0.7778787878787878 0.010242130750605326 0.01735690235690236
1 0.32299435028248585 0.425993265993266 0.0044794188861985475 0.010690235690235689
1 0.2701775625504439 0.6617003367003367 0.006400322841000807 0.009343434343434343
1 0.27753833736884587 0.6443434343434343 0.005762711864406779 0.01202020202020202
1 0.3306779661016949 0.7418181818181818 0.005762711864406779 0.01202020202020202
1 0.2519289749798224 0.8439730639730639 0.007046004842615012 0.01335016835016835
1 0.22343825665859562 0.827962962962963 0.010242130750605326 0.016026936026936025
1 0.22376109765940275 0.8453198653198654 0.005762711864406779 0.01335016835016835
1 0.16261501210653753 0.9635016835016836 0.006400322841000807 0.01202020202020202
1 0.3809281678773204 0.8486531986531987 0.0076836158192090396 0.01735690235690236
1 0.3386763518966909 0.9174242424242425 0.0076836158192090396 0.010690235690235689
1 0.331953188054883 0.9821885521885522 0.007046004842615012 0.01202020202020202
1 0.4660855528652139 0.9901010101010101 0.008966908797417272 0.019814814814814813
1 0.4619209039548023 0.6203030303030302 0.007046004842615012 0.01202020202020202
1 0.4801694915254237 0.5528619528619528 0.005125100887812752 0.01335016835016835
1 0.580677966101695 0.6930808080808081 0.008966908797417272 0.016026936026936025
1 0.5880468119451171 0.5595454545454546 0.008321226795803067 0.01335016835016835
1 0.6024455205811138 0.7485016835016836 0.005125100887812752 0.01202020202020202
1 0.7202502017756255 0.36924242424242426 0.010242130750605326 0.028047138047138046
1 0.6923970944309927 0.25772727272727275 0.007046004842615012 0.01335016835016835
1 0.648547215496368 0.4113131313131313 0.005125100887812752 0.010690235690235689
1 0.6075706214689265 0.5081313131313131 0.005125100887812752 0.01202020202020202
1 0.7276109765940274 0.438013468013468 0.005762711864406779 0.01335016835016835
1 0.6623083131557708 0.5114646464646465 0.007046004842615012 0.01335016835016835
1 0.6607102502017757 0.5288215488215489 0.006400322841000807 0.016026936026936025
1 0.663906376109766 0.5561952861952862 0.010242130750605326 0.01735690235690236
1 0.6165375302663438 0.6750505050505051 0.005125100887812752 0.009343434343434343
1 0.6245359160613397 0.6062794612794613 0.005762711864406779 0.010690235690235689
1 0.626133979015335 0.6162962962962962 0.0076836158192090396 0.01202020202020202
1 0.7660290556900726 0.5735521885521886 0.005762711864406779 0.014696969696969698
1 0.7477804681194512 0.7424915824915825 0.008966908797417272 0.016026936026936025
1 0.8207667473769168 0.5702188552188552 0.0076836158192090396 0.01335016835016835
1 0.828450363196126 0.6583501683501684 0.0076836158192090396 0.021363636363636362
1 0.8492574656981436 0.813939393939394 0.008321226795803067 0.01735690235690236
1 0.7916384180790961 0.7865656565656566 0.005762711864406779 0.008013468013468012
1 0.8031557707828895 0.8907239057239058 0.008321226795803067 0.016026936026936025
1 0.7202502017756255 0.9254377104377105 0.006400322841000807 0.01335016835016835
1 0.6555851493139628 0.82996632996633 0.006400322841000807 0.01202020202020202
1 0.6146166263115416 0.030050505050505053 0.012800645682001614 0.02537037037037037
1 0.22055690072639222 0.8980639730639731 0.0044794188861985475 0.009343434343434343
1 0.21767554479418885 0.8165993265993267 0.005125100887812752 0.009343434343434343
1 0.03425343018563357 0.44870370370370366 0.005762711864406779 0.010690235690235689