1 0.8433466773418734 0.6221768707482993 0.04643714971977582 0.08193877551020408
1 0.8644195356285028 0.4157993197278912 0.005716573258606885 0.015170068027210885
1 0.9337149719775821 0.32095238095238093 0.007141713370696557 0.013656462585034012
1 0.9590792634107287 0.5159523809523809 0.007862289831865493 0.018214285714285714
1 0.9751481184947959 0.7473639455782313 0.01143314651721377 0.016700680272108845
1 0.9497918334667734 0.8148979591836735 0.007862289831865493 0.018214285714285714
1 0.8872778222578063 0.8148979591836735 0.007141713370696557 0.018214285714285714
1 0.8915692554043234 0.6563095238095239 0.005716573258606885 0.013656462585034012
1 0.883706965572458 0.5736054421768707 0.005716573258606885 0.012142857142857143
1 0.812986389111289 0.556921768707483 0.007141713370696557 0.015170068027210885
1 0.7915532425940752 0.5781632653061224 0.005716573258606885 0.015170068027210885
1 0.7479743795036029 0.4605612244897959 0.007141713370696557 0.016700680272108845
1 0.7619055244195356 0.5000170068027211 0.007862289831865493 0.019727891156462583
1 0.7022497998398719 0.6198979591836735 0.00857485988791033 0.025799319727891155
1 0.7283266613290632 0.6555612244897959 0.0064291433146517205 0.015170068027210885
1 0.8147718174539631 0.4127551020408163 0.0050040032025620495 0.012142857142857143
1 0.7833386709367494 0.2655612244897959 0.0064291433146517205 0.012142857142857143
1 0.7933386709367494 0.3702721088435374 0.0050040032025620495 0.012142857142857143
1 0.6679583666933546 0.736734693877551 0.00857485988791033 0.016700680272108845
1 0.6711769415532426 0.6775510204081632 0.0064291433146517205 0.016700680272108845
1 0.7058206565252202 0.8892517006802722 0.005716573258606885 0.015170068027210885
1 0.6526020816653323 0.8346088435374149 0.0064291433146517205 0.015170068027210885
1 0.6025940752602081 0.4484183673469388 0.007862289831865493 0.016700680272108845
1 0.6572457966373099 0.5773979591836734 0.005716573258606885 0.013656462585034012
1 0.5586549239391513 0.625969387755102 0.005716573258606885 0.016700680272108845
1 0.5997357886309047 0.8050340136054422 0.0064291433146517205 0.013656462585034012
1 0.6672457966373099 0.9446428571428572 0.007141713370696557 0.016700680272108845
1 0.8333466773418734 0.7147278911564626 0.007862289831865493 0.012142857142857143
1 0.8329863891112891 0.9036564625850341 0.007141713370696557 0.016700680272108845
1 0.8583506805444355 0.9195918367346939 0.007862289831865493 0.015170068027210885
1 0.6004483586869496 0.9901530612244899 0.007862289831865493 0.016700680272108845
1 0.5911609287429944 0.9097278911564625 0.007862289831865493 0.019727891156462583
1 0.7251160928742995 0.7557142857142858 0.005716573258606885 0.009098639455782312
1 0.7086789431545236 0.8050340136054422 0.005716573258606885 0.013656462585034012
1 0.7033226581265012 0.8239965986394557 0.0050040032025620495 0.012142857142857143
1 0.9655084067253804 0.9203571428571428 0.0050040032025620495 0.016700680272108845
1 0.8133386709367494 0.8566156462585034 0.0050040032025620495 0.010629251700680272
1 0.8304883907125701 0.8611734693877551 0.0050040032025620495 0.013656462585034012
1 0.6761729383506805 0.7678401360544218 0.0050040032025620495 0.009098639455782312
1 0.6904643714971977 0.7632993197278911 0.0050040032025620495 0.012142857142857143
1 0.5715212169735789 0.7746768707482993 0.005716573258606885 0.010629251700680272
1 0.5243634907926341 0.5204931972789116 0.005716573258606885 0.012142857142857143
1 0.581521216973579 0.5265646258503401 0.005716573258606885 0.012142857142857143
1 0.6868935148118495 0.9901530612244899 0.0064291433146517205 0.016700680272108845
1 0.7172538030424339 0.9924319727891155 0.00857485988791033 0.015153061224489795
1 0.5382946357085668 0.6358333333333334 0.0064291433146517205 0.015170068027210885
1 0.5179343474779824 0.9302210884353742 0.007141713370696557 0.015170068027210885
1 0.5100800640512411 0.9438775510204082 0.005716573258606885 0.015170068027210885
1 0.4725700560448359 0.9666326530612245 0.007862289831865493 0.015170068027210885
1 0.5029383506805444 0.7450850340136055 0.005716573258606885 0.015170068027210885
1 0.48543634907926336 0.723078231292517 0.007862289831865493 0.013656462585034012
1 0.4289991993594876 0.6722448979591836 0.007862289831865493 0.018214285714285714
1 0.4893594875900721 0.8361394557823129 0.00857485988791033 0.015170068027210885
1 0.4904323458767013 0.8513095238095238 0.007862289831865493 0.015170068027210885
1 0.5365092073658927 0.8998639455782314 0.007141713370696557 0.018214285714285714
1 0.43042433947157727 0.2670748299319728 0.009287429943955164 0.018214285714285714
1 0.41006405124099277 0.4355102040816326 0.007141713370696557 0.015170068027210885
1 0.4436429143314652 0.487108843537415 0.007141713370696557 0.015170068027210885
1 0.39184947958366695 0.5758843537414966 0.0064291433146517205 0.013656462585034012
1 0.3700560448358687 0.6335544217687075 0.005716573258606885 0.010629251700680272
1 0.4014891913530825 0.6942517006802722 0.005716573258606885 0.010629251700680272
1 0.2586148919135308 0.6198979591836735 0.005716573258606885 0.013656462585034012
1 0.2975500400320256 0.45297619047619053 0.0050040032025620495 0.013656462585034012
1 0.3518414731785428 0.6623809523809524 0.0064291433146517205 0.013656462585034012
1 0.29968775020016014 0.7200510204081633 0.0064291433146517205 0.016700680272108845
1 0.2489671737389912 0.8315816326530613 0.007862289831865493 0.018214285714285714
1 0.23182546036829466 0.8103401360544218 0.007862289831865493 0.015170068027210885
1 0.2136028823058447 0.8042687074829933 0.005716573258606885 0.012142857142857143
1 0.25325060048038434 0.4127551020408163 0.0064291433146517205 0.015170068027210885
1 0.22610888710968777 0.45600340136054424 0.010712570056044837 0.013656462585034012
1 0.19181745396317054 0.43171768707482994 0.0064291433146517205 0.016700680272108845
1 0.23361088871096874 0.5060884353741496 0.005716573258606885 0.013656462585034012
1 0.18038430744595677 0.4688945578231292 0.0064291433146517205 0.012142857142857143
1 0.08751000800640513 0.4180612244897959 0.007862289831865493 0.016700680272108845
1 0.13252201761409127 0.5485714285714286 0.007862289831865493 0.013656462585034012
1 0.13252201761409127 0.6153401360544217 0.0064291433146517205 0.010629251700680272
1 0.13930344275420337 0.6236904761904762 0.005716573258606885 0.012142857142857143
1 0.15038430744595677 0.8444727891156463 0.0064291433146517205 0.016700680272108845
1 0.2832586068855084 0.917312925170068 0.0064291433146517205 0.013656462585034012
1 0.23503602882305843 0.9074489795918368 0.005716573258606885 0.012142857142857143
1 0.2478943154523619 0.9188435374149659 0.005716573258606885 0.010629251700680272
1 0.21931945556445157 0.9666326530612245 0.007141713370696557 0.018214285714285714
1 0.012145716573258606 0.6525170068027211 0.007141713370696557 0.018214285714285714
1 0.06787029623698959 0.8270238095238096 0.005716573258606885 0.015170068027210885
1 0.05072057646116894 0.8300680272108844 0.007141713370696557 0.015170068027210885
1 0.09715772618094475 0.9840816326530613 0.01143314651721377 0.02275510204081633
1 0.9472938350680545 0.5440136054421769 0.005716573258606885 0.010629251700680272
1 0.997574059247398 0.584982993197279 0.004843875100080064 0.019727891156462583
1 0.704035228182546 0.28680272108843535 0.0050040032025620495 0.015170068027210885
1 0.8036989591673339 0.24052721088435375 0.005716573258606885 0.013656462585034012
1 0.9515772618094476 0.03869047619047619 0.007141713370696557 0.013656462585034012
1 0.936212970376301 0.09938775510204081 0.0064291433146517205 0.013656462585034012
1 0.9176461168935149 0.14263605442176872 0.0064291433146517205 0.015170068027210885
1 0.8826341072858287 0.07511904761904763 0.0064291433146517205 0.013656462585034012
1 0.9358606885508407 0.1327721088435374 0.005716573258606885 0.010629251700680272
1 0.8576301040832667 0.09028911564625851 0.0050040032025620495 0.013656462585034012
1 0.8197678142514011 0.16540816326530614 0.0064291433146517205 0.012142857142857143
1 0.7651160928742994 0.031105442176870748 0.005716573258606885 0.013656462585034012
1 0.661529223378703 0.03641156462585034 0.007141713370696557 0.015170068027210885
1 0.6483186549239391 0.034149659863945574 0.0064291433146517205 0.010629251700680272
1 0.6043795036028823 0.019727891156462583 0.005716573258606885 0.012142857142857143
1 0.5497277822257807 0.10622448979591836 0.007862289831865493 0.015170068027210885
1 0.5040032025620497 0.19574829931972787 0.0050040032025620495 0.015170068027210885
1 0.332906325060048 0.03035714285714286 0.005716573258606885 0.015170068027210885
1 0.3321937550040032 0.10545918367346939 0.007141713370696557 0.013656462585034012
1 0.38506004803843075 0.07360544217687075 0.005716573258606885 0.010629251700680272
1 0.04964771817453963 0.06525510204081632 0.007862289831865493 0.015170068027210885
1 0.08537229783827062 0.019727891156462583 0.0050040032025620495 0.012142857142857143
1 0.14931144915932748 0.007585034013605442 0.007141713370696557 0.012142857142857143
1 0.26754203362690154 0.017448979591836736 0.0050040032025620495 0.010629251700680272
1 0.1457405924739792 0.10545918367346939 0.007141713370696557 0.013656462585034012
1 0.14538030424339474 0.13430272108843538 0.0064291433146517205 0.013656462585034012