1 0.9168432835820896 0.2854769736842105 0.012791044776119403 0.03524671052631579
1 0.9087462686567165 0.7154605263157895 0.018328358208955224 0.03995065789473684
1 0.905 0.5644572368421052 0.006156716417910448 0.01899671052631579
1 0.6128731343283582 0.7381249999999999 0.008 0.016282894736842107
1 0.5747014925373134 0.7951151315789474 0.008 0.013569078947368422
1 0.560544776119403 0.8358223684210526 0.006768656716417911 0.016282894736842107
1 0.595634328358209 0.8541447368421053 0.004305970149253731 0.012203947368421052
1 0.5457686567164179 0.8907730263157895 0.008 0.014917763157894738
1 0.46481343283582094 0.9708223684210526 0.008619402985074628 0.014917763157894738
1 0.6932164179104477 0.45251644736842106 0.0073880597014925374 0.012203947368421052
1 0.7593955223880597 0.5020394736842105 0.006768656716417911 0.010855263157894736
1 0.7840223880597015 0.5970065789473684 0.0055373134328358204 0.010855263157894736
1 0.8588283582089552 0.9850657894736842 0.006156716417910448 0.013569078947368422
1 0.578089552238806 0.6872368421052631 0.004925373134328358 0.009490131578947368
1 0.403865671641791 0.7449177631578948 0.006156716417910448 0.013569078947368422
1 0.4672761194029851 0.5040625000000001 0.009850746268656715 0.020345394736842104
1 0.3878582089552239 0.5210361842105263 0.0073880597014925374 0.016282894736842107
1 0.7914104477611941 0.8629605263157893 0.0055373134328358204 0.010855263157894736
1 0.7538582089552238 0.8629605263157893 0.0055373134328358204 0.010855263157894736
1 0.34106716417910443 0.9124835526315789 0.0073880597014925374 0.014917763157894738
1 0.2610298507462686 0.9491118421052631 0.017238805970149255 0.03120065789473684
1 0.289044776119403 0.9118092105263158 0.00923134328358209 0.013569078947368422
1 0.24102238805970153 0.742203947368421 0.006768656716417911 0.01899671052631579
1 0.1440597014925373 0.7218421052631578 0.006156716417910448 0.016282894736842107
1 0.12713432835820895 0.980328947368421 0.011694029850746268 0.014917763157894738
1 0.3426044776119403 0.5501973684210526 0.00923134328358209 0.017631578947368422
1 0.27334328358208954 0.5373190789473684 0.006156716417910448 0.016282894736842107
1 0.41125373134328364 0.16213815789473685 0.008619402985074628 0.020345394736842104
1 0.5294552238805971 0.11194078947368422 0.006156716417910448 0.017631578947368422
1 0.4986716417910448 0.1872532894736842 0.0073880597014925374 0.021710526315789472
1 0.3789328358208955 0.21641447368421055 0.006768656716417911 0.017631578947368422
1 0.48482089552238805 0.04205592105263158 0.00923134328358209 0.016282894736842107
1 0.4186417910447761 0.26254934210526315 0.004925373134328358 0.014917763157894738
1 0.5639328358208955 0.0719078947368421 0.011082089552238805 0.01899671052631579
0 0.667544776119403 0.27373355263157895 0.013843283582089553 0.027121710526315786
1 0.7175298507462686 0.11483552631578946 0.006917910447761194 0.016101973684210524
1 0.6325522388059701 0.022039473684210525 0.004611940298507463 0.011858552631578947
1 0.5642985074626865 0.043651315789473684 0.0042313432835820895 0.011019736842105263
1 0.483544776119403 0.02330592105263158 0.003462686567164179 0.007631578947368421
1 0.6617910447761194 0.1644078947368421 0.00923134328358209 0.03728618421052632
1 0.7431194029850746 0.10467105263157894 0.013455223880597016 0.027960526315789474
1 0.8523283582089551 0.06822368421052631 0.0042313432835820895 0.009325657894736841
1 0.8742462686567164 0.075 0.003462686567164179 0.011019736842105263
1 0.4618358208955224 0.06736842105263158 0.0038432835820895526 0.009325657894736841
1 0.5158656716417911 0.061019736842105265 0.003462686567164179 0.008470394736842106
1 0.6596791044776119 0.1906907894736842 0.0042313432835820895 0.010164473684210525
1 0.6460223880597015 0.1724671052631579 0.0038432835820895526 0.009325657894736841
1 0.22533582089552237 0.22881578947368422 0.005380597014925373 0.016957236842105265
1 0.1638134328358209 0.13475328947368423 0.005380597014925373 0.010164473684210525
1 0.2537910447761194 0.05126644736842106 0.0038432835820895526 0.009325657894736841
1 0.2674402985074627 0.02542763157894737 0.005 0.011858552631578947
1 0.36395522388059703 0.23601973684210525 0.003462686567164179 0.009325657894736841
1 0.29301492537313434 0.2906907894736842 0.0038432835820895526 0.010164473684210525
1 0.1613134328358209 0.14873355263157895 0.003462686567164179 0.011019736842105263
1 0.30743283582089553 0.125 0.0042313432835820895 0.009325657894736841
1 0.2514850746268657 0.2161019736842105 0.004611940298507463 0.010164473684210525
1 0.24148507462686566 0.21907894736842104 0.004611940298507463 0.009325657894736841
1 0.3253134328358209 0.5419736842105263 0.0038432835820895526 0.009325657894736841
1 0.2580223880597015 0.42924342105263164 0.0038432835820895526 0.007631578947368421
1 0.3783805970149254 0.7665460526315789 0.004611940298507463 0.009325657894736841
1 0.3620373134328358 0.5792598684210526 0.005 0.009325657894736841
1 0.015186567164179106 0.922483552631579 0.013455223880597016 0.02287828947368421
1 0.0999776119402985 0.8563815789473683 0.004611940298507463 0.009325657894736841
1 0.07825373134328358 0.7805263157894737 0.0042313432835820895 0.010164473684210525
1 0.17592537313432838 0.8924013157894738 0.005 0.010164473684210525
1 0.30685820895522387 0.5004440789473684 0.003074626865671642 0.007631578947368421
1 0.0999776119402985 0.07754934210526315 0.0038432835820895526 0.007631578947368421
1 0.026149253731343282 0.06398026315789473 0.004611940298507463 0.011019736842105263
1 0.9478656716417911 0.494078947368421 0.006149253731343284 0.015246710526315788
1 0.7748283582089552 0.8830756578947367 0.005380597014925373 0.011858552631578947
1 0.674276119402985 0.8012993421052631 0.003462686567164179 0.007631578947368421
1 0.19476119402985076 0.22203947368421054 0.0042313432835820895 0.015246710526315788
1 0.7313731343283582 0.12585526315789472 0.004611940298507463 0.011019736842105263
1 0.6950373134328358 0.027549342105263157 0.005768656716417911 0.009325657894736841
1 0.9744029850746269 0.03814144736842105 0.0038432835820895526 0.010164473684210525
1 0.7986716417910448 0.5432401315789473 0.0038432835820895526 0.008470394736842106
1 0.6067910447761194 0.5745888157894737 0.004611940298507463 0.008470394736842106
1 0.6171716417910448 0.6368914473684211 0.0038432835820895526 0.011019736842105263
1 0.5527611940298508 0.6856085526315789 0.003462686567164179 0.008470394736842106
1 0.11458955223880597 0.6635855263157895 0.005380597014925373 0.008470394736842106