0 0.7276537216828479 0.7596322241681261 0.021237864077669904 0.04816112084063047
0 0.1524514563106796 0.8309106830122591 0.03887540453074433 0.07625218914185639
0 0.01487864077669903 0.9604203152364272 0.024902912621359224 0.05653239929947461
0 0.3191747572815534 0.8401225919439579 0.023689320388349516 0.04733800350262697
0 0.810242718446602 0.8624693520140105 0.019433656957928803 0.042066549912434324
0 0.6034304207119742 0.7849036777583187 0.023689320388349516 0.06047285464098074
1 0.5341909385113268 0.7829246935201402 0.007896440129449837 0.01446584938704028
1 0.5208252427184467 0.7921366024518389 0.006682847896440129 0.017092819614711034
1 0.43610032362459544 0.8033099824868651 0.007289644012944983 0.015779334500875656
1 0.38538025889967636 0.8295971978984238 0.006682847896440129 0.015779334500875656
1 0.37991100323624594 0.9479334500875657 0.011537216828478964 0.023660245183887915
1 0.5232524271844661 0.9433274956217162 0.006682847896440129 0.017092819614711034
1 0.5624271844660194 0.8762697022767075 0.004862459546925566 0.011838879159369526
1 0.5590938511326861 0.9334676007005254 0.007896440129449837 0.013152364273204903
1 0.6125404530744337 0.8263222416812609 0.006682847896440129 0.017092819614711034
1 0.6344012944983819 0.8874430823117339 0.007896440129449837 0.021033274956217162
1 0.7000000000000001 0.9314886164623467 0.005469255663430421 0.01446584938704028
1 0.6207362459546926 0.7401926444833625 0.004862459546925566 0.013152364273204903
1 0.6650809061488673 0.9943432574430823 0.006076051779935275 0.011313485113835377
1 0.6107200647249191 0.5403502626970228 0.004255663430420712 0.00788091068301226
1 0.7391747572815534 0.6974781085814361 0.004862459546925566 0.011838879159369526
1 0.8697653721682848 0.93215411558669 0.006076051779935275 0.01840630472854641
1 0.8154045307443366 0.7454640980735552 0.005469255663430421 0.013152364273204903
1 0.7586165048543689 0.48646234676007 0.006076051779935275 0.013152364273204903
1 0.7270307443365696 0.5370753064798599 0.007289644012944983 0.011838879159369526
1 0.6164886731391586 0.567968476357268 0.0036407766990291263 0.01052539404553415
1 0.6763106796116505 0.615954465849387 0.005469255663430421 0.011838879159369526
1 0.6158818770226537 0.5870402802101576 0.006076051779935275 0.011838879159369526
1 0.17735436893203885 0.6185814360770577 0.006076051779935275 0.011838879159369526
1 0.17249190938511325 0.5226094570928197 0.006076051779935275 0.011838879159369526
1 0.1667233009708738 0.5074956217162871 0.005469255663430421 0.013152364273204903
1 0.3288915857605178 0.9512084063047285 0.006682847896440129 0.011838879159369526
1 0.4670711974110032 0.612661996497373 0.006076051779935275 0.013152364273204903
1 0.028244336569579285 0.46213660245183885 0.005469255663430421 0.011838879159369526
1 0.09080097087378641 0.6172679509632224 0.007896440129449837 0.017092819614711034
1 0.0033414239482200646 0.5936077057793345 0.006682847896440129 0.01446584938704028
1 0.11509708737864077 0.22810858143607707 0.005469255663430421 0.011838879159369526
1 0.3307200647249191 0.15777583187390543 0.006682847896440129 0.015779334500875656
1 0.3036893203883495 0.2622942206654991 0.006076051779935275 0.011838879159369526
1 0.4752750809061489 0.20970227670753064 0.005469255663430421 0.011838879159369526
1 0.449457928802589 0.3352539404553415 0.004862459546925566 0.013152364273204903
1 0.34073624595469254 0.020385288966725045 0.009716828478964401 0.017092819614711034
1 0.18919902912621359 0.36418563922942204 0.004255663430420712 0.01052539404553415
1 0.25145631067961166 0.4437302977232925 0.004862459546925566 0.011838879159369526
1 0.1928398058252427 0.4167775831873905 0.005469255663430421 0.01052539404553415
1 0.21592233009708736 0.45029772329246937 0.005469255663430421 0.009211908931698773
1 0.555752427184466 0.36614711033274955 0.007289644012944983 0.019719789842381787
1 0.6201294498381877 0.17880910683012258 0.006076051779935275 0.013152364273204903
1 0.6565776699029126 0.1281786339754816 0.007289644012944983 0.019719789842381787
1 0.4118042071197411 0.5311558669001751 0.004862459546925566 0.01052539404553415
1 0.43305825242718443 0.54430823117338 0.004862459546925566 0.01052539404553415
1 0.4603883495145631 0.49697022767075305 0.0036407766990291263 0.01052539404553415
1 0.641084142394822 0.6508056042031524 0.004255663430420712 0.01052539404553415
1 0.8819093851132686 0.4404378283712785 0.008503236245954693 0.02628721541155867
1 0.8952750809061488 0.9242556917688266 0.01093042071197411 0.03418563922942207
1 0.8059870550161813 0.9943432574430823 0.006076051779935275 0.011313485113835377
1 0.6826941747572816 0.9860595446584938 0.004862459546925566 0.01052539404553415
1 0.9453802588996764 0.945954465849387 0.004255663430420712 0.011838879159369526
1 0.6869417475728155 0.006567425569176883 0.004862459546925566 0.01052539404553415
1 0.09573624595469256 0.9486690017513136 0.00709546925566343 0.014325744308231173
1 0.13309061488673138 0.7255866900175132 0.004255663430420712 0.010227670753064797
1 0.10495954692556633 0.8181961471103327 0.004724919093851133 0.009211908931698773
1 0.1732766990291262 0.9476532399299474 0.004255663430420712 0.010227670753064797
1 0.2654611650485437 0.4574605954465849 0.004255663430420712 0.010227670753064797