1 0.009186844958438743 0.33013861386138615 0.004817491868449584 0.007920792079207921
1 0.05240332490061438 0.32615181518151815 0.0027105168052041924 0.008191419141914192
1 0.22422117817130466 0.08308910891089108 0.003010480664980123 0.005557755775577558
1 0.2185724611492591 0.15846864686468648 0.0016552222623780267 0.007808580858085809
1 0.24537766534152514 0.30744554455445544 0.002862305746295627 0.007075907590759076
1 0.2759450668594145 0.39864686468646865 0.0025587278641127577 0.00631023102310231
1 0.11677990603541742 0.7475907590759076 0.0031622696060715576 0.01277887788778878
1 0.172721358872425 0.9024752475247525 0.002106975063245392 0.005722772277227723
0 0.1547994217564149 0.9865214521452145 0.018673653776653417 0.02695049504950495
0 0.31080592699674736 0.1655181518151815 0.014456089627755691 0.03180858085808581
0 0.6195048789302494 0.2794917491749175 0.01294904228406216 0.023788778877887787
1 0.3635092157571377 0.14565016501650166 0.0051210697506324536 0.008567656765676567
1 0.33587640043368266 0.2711023102310231 0.004969280809541019 0.008646864686468646
1 0.43744850018070114 0.16614521452145214 0.003010480664980123 0.005003300330033003
1 0.4401590169859053 0.3246138613861386 0.004817491868449584 0.011709570957095709
1 0.41802312974340444 0.32227062706270626 0.007528008673653776 0.015287128712871287
1 0.38029996385977594 0.2951749174917492 0.007076255872786411 0.015544554455445544
1 0.43247921937116013 0.4094851485148515 0.003913986266714854 0.008184818481848185
1 0.4943693530899892 0.5112475247524753 0.004817491868449584 0.013702970297029705
1 0.5479761474521142 0.4260990099009901 0.005421033610408385 0.010072607260726072
1 0.5187640043368269 0.28414521452145214 0.006624503071919046 0.019887788778877886
1 0.5739537405131913 0.3247194719471947 0.0040657752078062884 0.006976897689768977
1 0.6175460787856885 0.3232079207920792 0.003614022406938923 0.008904290429042904
1 0.6535345139139862 0.5312805280528052 0.004217564148897723 0.009201320132013201
1 0.7812323816407662 0.43787458745874586 0.008431514275388506 0.008864686468646864
1 0.8145102999638598 0.4318217821782179 0.0027105168052041924 0.00996039603960396
1 0.8738417058185761 0.4304488448844884 0.003913986266714854 0.010514851485148516
1 0.9688579689194072 0.4655247524752475 0.004217564148897723 0.013009900990099011
0 0.9569642211781714 0.48987458745874585 0.01294904228406216 0.02375577557755776
0 0.941301048066498 0.6798415841584159 0.017770148174918687 0.025801980198019804
1 0.7645934224792195 0.7661452145214521 0.004969280809541019 0.01029042904290429
1 0.7003686302855078 0.855973597359736 0.005720997470184315 0.006772277227722772
1 0.5185435489700035 0.14575577557755776 0.004282616552222624 0.003524752475247525
1 0.552074448861583 0.1305940594059406 0.003079147090711962 0.008409240924092409
1 0.5691398626671486 0.1609174917491749 0.004282616552222624 0.010382838283828383
1 0.6811095048789303 0.24234983498349838 0.005757137694253704 0.011900990099009901
1 0.6425587278641127 0.15651485148514852 0.008966389591615468 0.010376237623762377
1 0.7534550054210336 0.3248844884488449 0.003480303577882183 0.005353135313531353
1 0.9707011203469461 0.06739273927392739 0.005084929526563065 0.01254785478547855
1 0.999819298879653 0.46396039603960393 0.0003614022406938923 0.06437623762376238
1 0.028998915793277916 0.6333795379537954 0.0027538850740874594 0.0038349834983498346
1 0.27638597759306105 0.6425808580858086 0.0034405493314058544 0.008085808580858085
1 0.37486808818214673 0.4928976897689769 0.002667148536320925 0.005755775577557756
1 0.3623491145645103 0.3277161716171617 0.00395735453559812 0.007313531353135313
1 0.3861835923382725 0.2862112211221122 0.0030972172027466573 0.007287128712871287
1 0.24730393928442354 0.33266666666666667 0.002063606794362125 0.0030693069306930694
1 0.340234911456451 0.3504356435643564 0.002063606794362125 0.004653465346534653
1 0.5085001807011204 0.38286468646864685 0.003010480664980123 0.006336633663366336
1 0.5107806288398988 0.408957095709571 0.0029273581496205275 0.0038349834983498346
1 0.4653487531622696 0.04182838283828383 0.00395735453559812 0.006957095709570957
1 0.8781207083483918 0.8751683168316833 0.0034405493314058544 0.006501650165016502
1 0.8797144922298519 0.7562970297029703 0.005077701481749187 0.007333333333333333
1 0.7780484279002531 0.6222178217821782 0.003614022406938923 0.005075907590759076
1 0.9282002168413443 0.7671419141914192 0.0075713769425370435 0.01299009900990099