0 0.051891399416909616 0.4861780104712042 0.021381195335276968 0.03174083769633508
0 0.17790087463556853 0.41778795811518327 0.01797740524781341 0.03867801047120419
0 0.34839650145772594 0.9262238219895288 0.018950437317784258 0.03220549738219895
0 0.4951421282798834 0.89 0.020892857142857144 0.03829188481675393
0 0.5720371720116618 0.9652552356020943 0.01579081632653061 0.03696335078534031
0 0.8494897959183674 0.9683376963350785 0.025510204081632654 0.027421465968586387
0 0.13933309037900873 0.20033376963350785 0.017736880466472305 0.028075916230366493
1 0.05235058309037901 0.23792539267015708 0.005973032069970846 0.014698952879581152
1 0.22922011661807581 0.1475196335078534 0.0065451895043731785 0.011439790575916231
1 0.3089941690962099 0.03468586387434555 0.01168731778425656 0.02281413612565445
1 0.2906960641399417 0.1768128272251309 0.011417638483965015 0.022905759162303665
1 0.19918002915451893 0.22202879581151833 0.00477405247813411 0.009299738219895288
1 0.21015670553935858 0.2751178010471204 0.005400874635568514 0.01056282722513089
1 0.3148943148688047 0.23911649214659686 0.008403790087463557 0.010876963350785342
1 0.3043731778425656 0.258684554973822 0.005787172011661808 0.008841623036649215
1 0.3174271137026239 0.26490183246073296 0.007631195335276968 0.010863874345549739
1 0.34332361516034987 0.2292866492146597 0.010546647230320701 0.01606020942408377
1 0.3497412536443149 0.2755955497382199 0.006916909620991254 0.014849476439790578
1 0.38848396501457727 0.07992146596858639 0.007288629737609329 0.012369109947643979
1 0.43938411078717204 0.11897905759162304 0.005586734693877551 0.014574607329842932
1 0.4319314868804665 0.17397251308900522 0.006315597667638484 0.014607329842931937
1 0.25429300291545187 0.377794502617801 0.010306122448979592 0.017840314136125655
1 0.2039978134110787 0.4313219895287958 0.0072558309037900875 0.014325916230366493
1 0.09662536443148688 0.4112958115183246 0.004256559766763849 0.009482984293193717
1 0.06417638483965014 0.5127028795811518 0.0036443148688046646 0.008115183246073299
1 0.08916545189504373 0.5769371727748691 0.006315597667638484 0.011642670157068062
1 0.3155539358600583 0.42482984293193715 0.007204810495626822 0.012015706806282722
1 0.2563739067055394 0.46035994764397903 0.005459183673469388 0.009057591623036649
1 0.13641399416909622 0.39022251308900524 0.005116618075801749 0.008697643979057592
1 0.03717930029154519 0.7096269633507853 0.007044460641399416 0.01025523560209424
1 0.0906231778425656 0.7422643979057592 0.006315597667638484 0.012454188481675394
1 0.10371720116618077 0.6941034031413612 0.004016034985422741 0.0077028795811518325
1 0.018965014577259475 0.8077683246073298 0.005459183673469388 0.010163612565445027
1 0.13911078717201167 0.7374869109947645 0.009435131195335277 0.015026178010471205
1 0.15733965014577259 0.6989070680628273 0.00510204081632653 0.00806282722513089
1 0.18379373177842565 0.684437172774869 0.00461734693877551 0.009365183246073298
1 0.22927113702623908 0.5989463350785341 0.005586734693877551 0.007565445026178011
1 0.08448250728862973 0.8490575916230366 0.004759475218658892 0.006106020942408377
1 0.07888119533527696 0.887467277486911 0.004701166180758018 0.010340314136125656
1 0.06665451895043732 0.8973560209424084 0.006745626822157435 0.009463350785340314
1 0.12309402332361516 0.9051178010471204 0.004198250728862973 0.011393979057591623
1 0.1937208454810496 0.7972774869109948 0.005517492711370263 0.012081151832460734
1 0.15924198250728863 0.9264659685863875 0.006104227405247813 0.00887434554973822
1 0.18568877551020407 0.8621204188481675 0.006829446064139941 0.009888743455497381
1 0.1460167638483965 0.8792670157068063 0.0034001457725947523 0.008965968586387435
1 0.16519314868804666 0.8492735602094241 0.004373177842565598 0.008946335078534031
1 0.15783527696793004 0.8781609947643979 0.006629008746355685 0.011996073298429319
1 0.14704446064139942 0.8925916230366493 0.003458454810495627 0.007290575916230367
1 0.17309766763848397 0.9829842931937173 0.004803206997084548 0.007905759162303665
1 0.2182142857142857 0.8823232984293194 0.002430758017492711 0.009842931937172774
1 0.2305648688046647 0.9143324607329842 0.006315597667638484 0.0072447643979057594
1 0.26277696793002914 0.8993651832460733 0.0036880466472303205 0.007493455497382198
1 0.2678206997084548 0.9170615183246074 0.0038301749271137026 0.007454188481675393
1 0.2942128279883382 0.9754973821989529 0.005346209912536443 0.007722513089005236
1 0.31591107871720114 0.8131217277486912 0.009748542274052478 0.01737565445026178
0 0.3296902332361516 0.7505170157068063 0.01797740524781341 0.028965968586387433
1 0.3049088921282799 0.6407526178010472 0.006315597667638484 0.005765706806282723
1 0.31316690962099125 0.6667212041884817 0.008261661807580176 0.013200261780104713
1 0.3384365889212828 0.6785078534031413 0.012146501457725946 0.01582460732984293
1 0.32896137026239064 0.6359554973821989 0.004857871720116618 0.011871727748691099
1 0.36030247813411076 0.6819960732984293 0.01506195335276968 0.02280759162303665
1 0.37475583090379005 0.6555955497382199 0.013363702623906706 0.024973821989528792
1 0.28674198250728866 0.7514267015706807 0.0038884839650145772 0.006701570680628272
1 0.39498906705539355 0.8749541884816754 0.005714285714285714 0.016053664921465968
1 0.4225 0.8701047120418848 0.006315597667638484 0.013324607329842931
1 0.37293367346938777 0.9521531413612566 0.005346209912536443 0.01337696335078534
1 0.37912900874635563 0.9322971204188482 0.013363702623906706 0.018167539267015708
1 0.43718294460641405 0.9435994764397906 0.004103498542274053 0.009836387434554974
1 0.49271137026239065 0.6684685863874346 0.0058309037900874635 0.006217277486910994
1 0.48317784256559765 0.8781348167539267 0.009573615160349854 0.015032722513089004
1 0.48389212827988337 0.9411256544502618 0.005404518950437318 0.009856020942408377
1 0.5461625364431487 0.6885471204188481 0.010688775510204081 0.020196335078534033
1 0.5636552478134111 0.8786125654450262 0.004857871720116618 0.015517015706806284
1 0.5603680758017493 0.8110078534031414 0.005430029154518951 0.007846858638743456
1 0.5081377551020408 0.5593586387434555 0.011905976676384841 0.028841623036649215
1 0.5689978134110787 0.5807460732984293 0.00680393586005831 0.014018324607329845
1 0.6039832361516034 0.9279319371727749 0.00680393586005831 0.019908376963350786
1 0.3575291545189504 0.3155104712041885 0.004489795918367347 0.008965968586387435
1 0.4304774052478134 0.3724803664921466 0.006075072886297377 0.008023560209424083
1 0.511177113702624 0.41807591623036655 0.007773323615160349 0.013291884816753925
1 0.47164358600583095 0.22431282722513088 0.004231049562682216 0.007905759162303665
1 0.48007653061224487 0.22931282722513088 0.0038884839650145772 0.01011780104712042
1 0.4896865889212828 0.16905759162303666 0.004274781341107872 0.008586387434554973
1 0.5138046647230321 0.20773560209424086 0.005889212827988338 0.015981675392670158
1 0.5789613702623907 0.04278141361256545 0.009231049562682215 0.01138743455497382
1 0.6121246355685132 0.09707460732984294 0.00532798833819242 0.012604712041884817
1 0.5738338192419825 0.21537958115183248 0.007306851311953353 0.008880890052356021
1 0.5587937317784256 0.17797120418848167 0.00680393586005831 0.009725130890052355
1 0.5672339650145772 0.2993062827225131 0.0035276967930029154 0.008475130890052356
1 0.6034001457725947 0.3207918848167539 0.00391399416909621 0.007414921465968586
1 0.5733709912536443 0.3818913612565445 0.00680393586005831 0.008985602094240838
1 0.6071428571428571 0.38712696335078534 0.004373177842565598 0.008985602094240838
1 0.6175911078717201 0.4857657068062827 0.004857871720116618 0.007303664921465968
1 0.3383782798833819 0.1893455497382199 0.004857871720116618 0.010615183246073297
1 0.3280466472303207 0.07077879581151833 0.004373177842565598 0.0057329842931937176
1 0.6263010204081633 0.045883507853403144 0.005586734693877551 0.008776178010471205
1 0.636811224489796 0.03587696335078534 0.004857871720116618 0.008769633507853404
1 0.6743185131195335 0.028599476439790578 0.007532798833819242 0.01181937172774869
1 0.6654737609329446 0.16028795811518323 0.009675655976676386 0.01911649214659686
1 0.6553680758017493 0.23503272251308902 0.010448250728862974 0.026786649214659685
1 0.630466472303207 0.4735471204188482 0.0058309037900874635 0.009044502617801048
1 0.6219642857142857 0.5390183246073298 0.020892857142857144 0.04574607329842932
1 0.7093695335276968 0.10515052356020942 0.0034001457725947523 0.006629581151832461
1 0.7173214285714286 0.10301047120418849 0.0031596209912536444 0.01143324607329843
1 0.7533309037900874 0.0838612565445026 0.005229591836734694 0.009057591623036649
1 0.7704737609329445 0.11341623036649215 0.005287900874635569 0.014214659685863874
1 0.7920845481049563 0.1012958115183246 0.0038192419825072888 0.008370418848167539
1 0.7191545189504372 0.2025916230366492 0.00510204081632653 0.008154450261780105
1 0.7191654518950438 0.23152486910994763 0.005353498542274052 0.009496073298429318
1 0.7350072886297375 0.21134816753926702 0.004030612244897959 0.008828534031413612
1 0.7423287172011662 0.19776178010471204 0.004435131195335277 0.007840314136125655
1 0.7947813411078718 0.24835078534031416 0.0041654518950437315 0.006178010471204188
1 0.7483272594752186 0.30108638743455496 0.0037645772594752185 0.007081151832460733
1 0.692594752186589 0.37672120418848165 0.0034693877551020408 0.014221204188481676
1 0.6997084548104956 0.3765641361256544 0.0052077259475218655 0.012041884816753926
1 0.743786443148688 0.36783376963350783 0.0038192419825072888 0.005798429319371728
1 0.7590597667638485 0.34990837696335075 0.011454081632653062 0.012958115183246074
1 0.6634985422740525 0.47282068062827226 0.004631924198250729 0.007643979057591623
1 0.7181049562682216 0.5024476439790576 0.008677113702623905 0.009509162303664921
1 0.7182762390670554 0.39287303664921464 0.004857871720116618 0.012866492146596858
1 0.8003061224489796 0.49137434554973825 0.004409620991253644 0.007925392670157067
1 0.8130284256559767 0.4076767015706806 0.004857871720116618 0.01069371727748691
1 0.6082470845481049 0.6895680628272252 0.004096209912536443 0.008632198952879581
1 0.6289322157434403 0.6748887434554974 0.006942419825072887 0.00643979057591623
1 0.736417638483965 0.6083115183246073 0.003177842565597668 0.008082460732984293
1 0.7577259475218658 0.6788547120418847 0.008298104956268221 0.020274869109947646
1 0.739497084548105 0.6825196335078535 0.006924198250728863 0.009352094240837695
1 0.730298833819242 0.6897840314136126 0.003910349854227405 0.008350785340314136
1 0.7091290087463556 0.7026832460732985 0.003217930029154519 0.009836387434554974
1 0.6768549562682216 0.7514986910994764 0.0053097667638483965 0.015104712041884816
1 0.6248578717201165 0.7755039267015706 0.006246355685131195 0.00862565445026178
1 0.6044642857142858 0.835621727748691 0.004220116618075802 0.007172774869109948
1 0.6337645772594752 0.8268848167539267 0.008677113702623905 0.011407068062827225
1 0.6276895043731778 0.8812827225130889 0.006942419825072887 0.01362565445026178
1 0.6588083090379009 0.8050785340314137 0.00461734693877551 0.00893324607329843
1 0.6669096209912536 0.8137892670157069 0.010411807580174928 0.015137434554973822
1 0.6368877551020408 0.8849934554973822 0.004511661807580176 0.006086387434554974
1 0.6872120991253644 0.8762630890052356 0.0031231778425655976 0.0073232984293193715
1 0.6360204081632653 0.9686976439790577 0.004857871720116618 0.014554973821989527
1 0.6488629737609329 0.9769568062827225 0.0034693877551020408 0.01050392670157068
1 0.6532871720116618 0.9462499999999999 0.005032798833819242 0.007061518324607329
1 0.6601421282798834 0.9459358638743456 0.0052077259475218655 0.006433246073298429
1 0.7072558309037901 0.9431348167539266 0.0046865889212827985 0.008304973821989529
1 0.7248724489795918 0.9150719895287959 0.005553935860058309 0.008285340314136126
1 0.7443075801749272 0.9202159685863874 0.004857871720116618 0.009221204188481675
1 0.7191326530612244 0.7806217277486911 0.003443877551020408 0.007918848167539266
1 0.7606195335276967 0.7880431937172776 0.0041654518950437315 0.006649214659685864
1 0.7670408163265307 0.7208573298429319 0.004511661807580176 0.008789267015706806
1 0.7711588921282798 0.819109947643979 0.006581632653061224 0.0093717277486911
1 0.7969970845481049 0.8232787958115183 0.00299198250728863 0.007945026178010472
1 0.7996064139941691 0.9554253926701571 0.007011661807580174 0.012035340314136125
1 0.7948943148688047 0.9752421465968587 0.005032798833819242 0.008946335078534031
1 0.8130758017492711 0.8054384816753927 0.006155247813411079 0.014267015706806283
1 0.7183892128279883 0.8633965968586387 0.013899416909620991 0.018422774869109947
1 0.848188775510204 0.7673887434554973 0.0038192419825072888 0.00950261780104712
1 0.8454810495626822 0.6987565445026178 0.006246355685131195 0.011328534031413613
1 0.8400072886297376 0.5603468586387435 0.006588921282798833 0.011243455497382199
1 0.8892128279883382 0.5766557591623037 0.004081632653061224 0.00818717277486911
1 0.9133126822157435 0.7114659685863873 0.007755102040816327 0.010713350785340315
1 0.9307142857142857 0.7382657068062827 0.004755830903790088 0.008219895287958115
1 0.9684730320699708 0.7201701570680629 0.005298833819241983 0.008992146596858638
1 0.981884110787172 0.8178468586387435 0.006246355685131195 0.010157068062827224
1 0.9172995626822158 0.9813023560209424 0.004034256559766764 0.01100130890052356
1 0.9222594752186588 0.9639725130890052 0.004099854227405247 0.007133507853403141
1 0.8707689504373177 0.8321858638743455 0.0026822157434402334 0.006917539267015707
1 0.8745116618075801 0.5187892670157068 0.006712827988338193 0.01400523560209424
1 0.8704701166180758 0.47950916230366497 0.0041654518950437315 0.01224476439790576
1 0.8377514577259475 0.46424083769633506 0.0033673469387755102 0.006596858638743455
1 0.928618804664723 0.4941557591623037 0.004008746355685131 0.007022251308900524
1 0.9204482507288629 0.40113219895287955 0.008330903790087463 0.01443717277486911
1 0.8754919825072885 0.33229057591623035 0.004752186588921283 0.008069371727748692
1 0.8911224489795918 0.2724149214659686 0.005900145772594753 0.007552356020942408
1 0.9246428571428571 0.277598167539267 0.007182944606413995 0.013023560209424082
1 0.9210131195335278 0.2524149214659686 0.0047376093294460644 0.0081282722513089
1 0.908097667638484 0.16922774869109947 0.0035641399416909618 0.005556282722513089
1 0.9072448979591837 0.12110602094240838 0.0066581632653061225 0.01101439790575916
1 0.6736771137026238 0.4795026178010471 0.0029190962099125365 0.004803664921465969
1 0.5453389212827988 0.4814725130890053 0.002674927113702624 0.006119109947643979
1 0.6267201166180758 0.5033180628272251 0.0029190962099125365 0.0052421465968586385
1 0.384402332361516 0.5989986910994765 0.002434402332361516 0.0052421465968586385
1 0.4787973760932944 0.6889986910994764 0.001946064139941691 0.004371727748691099
1 0.32260568513119536 0.7141230366492147 0.0034074344023323614 0.009175392670157068
1 0.25436224489795917 0.6365706806282723 0.0021902332361516032 0.004371727748691099
1 0.14427113702623906 0.8364594240837696 0.001946064139941691 0.003056282722513089
1 0.4710131195335277 0.8821138743455497 0.0029190962099125365 0.007866492146596859
1 0.4075145772594752 0.8818979057591623 0.002434402332361516 0.005680628272251308
1 0.4303826530612245 0.9926505235602094 0.0043804664723032065 0.0052421465968586385
1 0.42637026239067055 0.941969895287958 0.0021902332361516032 0.0052421465968586385
1 0.5105466472303207 0.9517997382198953 0.0031632653061224487 0.007428010471204188
1 0.3570298833819242 0.8766557591623036 0.004136297376093294 0.005680628272251308
1 0.4183418367346939 0.7772578534031415 0.0036479591836734693 0.006989528795811518
1 0.32369897959183674 0.8076243455497382 0.002674927113702624 0.0065510471204188485
1 0.31956268221574347 0.7453599476439791 0.0036479591836734693 0.006119109947643979
1 0.9034657434402333 0.9384751308900524 0.002674927113702624 0.006119109947643979
1 0.8369679300291545 0.8643651832460733 0.004198250728862973 0.008619109947643979
1 0.8335677842565598 0.8659816753926701 0.002598396501457726 0.006106020942408377
1 0.8565634110787171 0.912663612565445 0.0029992711370262393 0.004666230366492147
1 0.9074562682215743 0.8408442408376963 0.002000728862973761 0.0032329842931937175
1 0.8551639941690963 0.9175130890052356 0.0022011661807580176 0.003592931937172775
1 0.8422667638483965 0.9351112565445026 0.0031997084548104956 0.005026178010471204
1 0.8319679300291546 0.93690445026178 0.002598396501457726 0.005026178010471204
1 0.8272704081632654 0.9422905759162303 0.0027988338192419825 0.005026178010471204
1 0.829067055393586 0.9593520942408378 0.0027988338192419825 0.004666230366492147
1 0.8386661807580176 0.9789201570680628 0.0027988338192419825 0.005026178010471204
1 0.8384657434402333 0.9891557591623037 0.0031997084548104956 0.005386125654450262
1 0.8366654518950437 0.9920287958115183 0.003600583090379009 0.003952879581151833
1 0.8610641399416911 0.9342146596858639 0.0027988338192419825 0.004666230366492147
1 0.8599635568513119 0.9435471204188481 0.002598396501457726 0.005386125654450262
1 0.8559657434402332 0.9437303664921466 0.002598396501457726 0.0057460732984293186
1 0.8535641399416909 0.9410340314136126 0.0034001457725947523 0.005386125654450262
1 0.8520663265306123 0.9455235602094241 0.003997813411078717 0.005026178010471204
1 0.8664613702623908 0.9433704188481675 0.0023979591836734695 0.004306282722513089
1 0.9002587463556851 0.6022185863874346 0.0023979591836734695 0.0057460732984293186
1 0.8160714285714287 0.4896400523560209 0.0027988338192419825 0.003952879581151833
1 0.8938593294460642 0.4386452879581152 0.0023979591836734695 0.004666230366492147
1 0.7465816326530612 0.6742212041884817 0.0034001457725947523 0.005386125654450262
1 0.10928206997084548 0.5846204188481675 0.002598396501457726 0.004306282722513089
1 0.02469752186588921 0.5408115183246074 0.0029992711370262393 0.005026178010471204
1 0.07278790087463556 0.48102094240837695 0.0031997084548104956 0.005386125654450262
1 0.28065597667638487 0.21618455497382197 0.005798104956268222 0.009339005235602094
1 0.2694569970845481 0.2520942408376963 0.005 0.007179319371727749
1 0.20886661807580176 0.1718324607329843 0.004198250728862973 0.008979057591623037
1 0.30795189504373177 0.26465968586387434 0.003600583090379009 0.006465968586387435
1 0.5013192419825072 0.2980562827225131 0.0027988338192419825 0.006465968586387435
1 0.5515123906705539 0.2772316753926702 0.003600583090379009 0.006465968586387435
1 0.5764067055393586 0.17847513089005235 0.0038010204081632653 0.005026178010471204
1 0.6489978134110787 0.2468848167539267 0.0034001457725947523 0.006106020942408377
1 0.6678935860058309 0.29518324607329843 0.002000728862973761 0.005026178010471204
1 0.6537973760932945 0.31278141361256545 0.002598396501457726 0.004306282722513089
1 0.6539978134110787 0.16357329842931936 0.004599125364431487 0.009698952879581151
1 0.6862900874635569 0.18098821989528796 0.003600583090379009 0.006465968586387435
1 0.5965051020408163 0.09946989528795812 0.0031997084548104956 0.006465968586387435
1 0.5803061224489795 0.1199410994764398 0.0023979591836734695 0.004306282722513089
1 0.8945590379008747 0.25478403141361256 0.0038010204081632653 0.007539267015706806
1 0.9038556851311953 0.33899214659685867 0.0023979591836734695 0.004306282722513089
1 0.6518950437317784 0.006465968586387435 0.0023979591836734695 0.005026178010471204
1 0.4796246355685131 0.34653795811518323 0.0034001457725947523 0.006465968586387435
1 0.6460969387755102 0.3700589005235602 0.0027988338192419825 0.005386125654450262
1 0.5844059766763848 0.2651963350785341 0.0018002915451895045 0.003952879581151833
1 0.49182215743440233 0.12460732984293194 0.0013994169096209913 0.003592931937172775
1 0.5261151603498543 0.03303664921465969 0.0031997084548104956 0.0057460732984293186
1 0.4816217201166181 0.007899214659685865 0.004198250728862973 0.007179319371727749
1 0.20646865889212826 0.019031413612565443 0.002598396501457726 0.005026178010471204
1 0.18307215743440233 0.01670157068062827 0.0034001457725947523 0.006106020942408377
1 0.18217201166180758 0.10844895287958116 0.004398688046647231 0.009339005235602094
1 0.026096938775510205 0.28818062827225127 0.002598396501457726 0.004666230366492147
1 0.36544096209912535 0.9067408376963351 0.0038010204081632653 0.006465968586387435
1 0.6406997084548105 0.8839397905759163 0.003600583090379009 0.008259162303664922