1 0.4119868995633188 0.10144167758846659 0.00987627365356623 0.02439056356487549
1 0.37178675400291117 0.059921363040629096 0.00433042212518195 0.008754914809960681
1 0.4306149927219796 0.1298427260812582 0.0045050946142649205 0.010045871559633027
1 0.45132459970887917 0.26999999999999996 0.0032933042212518198 0.009515072083879424
1 0.48831877729257644 0.18540629095674968 0.00346433770014556 0.005091743119266055
1 0.5739228529839884 0.22302096985583222 0.0020778748180494905 0.007300131061598952
1 0.2923326055312955 0.31432503276539975 0.0045050946142649205 0.008289646133682832
1 0.2885225618631732 0.3850262123197903 0.00311863173216885 0.0055307994757536035
1 0.36043668122270744 0.8323197903014417 0.00554585152838428 0.007018348623853212
1 0.2885225618631732 0.8625950196592398 0.005200145560407569 0.007660550458715596
1 0.6183733624454149 0.6575163826998689 0.00675764192139738 0.013152031454783749
1 0.6182860262008734 0.676867627785059 0.00554585152838428 0.010661861074705112
1 0.40791484716157206 0.6728112712975098 0.00277292576419214 0.010039318479685453
1 0.6369141193595342 0.9704456094364352 0.0022525473071324602 0.008040629095674967
1 0.696004366812227 0.9493709043250328 0.00398471615720524 0.008964613368283093
1 0.21621906841339153 0.061048492791612056 0.003941048034934498 0.006867627785058978
1 0.03563318777292576 0.09723460026212319 0.0030312954876273654 0.005524246395806029
1 0.11735807860262008 0.1790366972477064 0.006368267831149927 0.006939711664482306
1 0.15223071324599707 0.5952686762778506 0.0033369723435225616 0.0055307994757536035
1 0.22440684133915573 0.6696985583224115 0.005760553129548763 0.005301441677588467
1 0.27520014556040756 0.6680602883355177 0.00363901018922853 0.008577981651376146
1 0.17793304221251818 0.8274311926605505 0.002882096069868996 0.007857142857142858
1 0.25435225618631735 0.8438204456094365 0.004701601164483261 0.007870249017038007
1 0.3790647743813683 0.24363695937090435 0.0030312954876273654 0.006716906946264744
1 0.37875909752547304 0.2529292267365662 0.004246724890829694 0.0056356487549148095
1 0.7461499272197962 0.6746657929226736 0.01576783114992722 0.02505897771952818
1 0.9082350800582242 0.025150720838794233 0.0033369723435225616 0.008794233289646134
1 0.732197962154294 0.11418741808650065 0.004246724890829694 0.006664482306684142
1 0.643042212518195 0.026238532110091743 0.004246724890829694 0.007706422018348624
1 0.814457787481805 0.19339449541284404 0.002274381368267831 0.004528178243774574
1 0.7473617176128093 0.29268020969855835 0.00363901018922853 0.004868938401048493
1 0.9925400291120815 0.31326343381389254 0.0027292576419213972 0.00834862385321101
1 0.73 0.9582175622542595 0.004395924308588064 0.007300131061598952
1 0.9709352256186318 0.8017103538663172 0.004093886462882096 0.005563564875491481
1 0.8762227074235809 0.7187090432503277 0.00363901018922853 0.0044823066841415465
1 0.9347052401746726 0.9359698558322411 0.00311863173216885 0.004619921363040629
1 0.926735807860262 0.9738925294888598 0.0038136826783114995 0.003709043250327654
1 0.4652365356622999 0.05008519003931849 0.0019213973799126639 0.004790301441677588
1 0.42121542940320233 0.6463892529488859 0.002547307132459971 0.004010484927916121
1 0.4836244541484716 0.513735255570118 0.004366812227074236 0.004750982961992136
1 0.4176382823871907 0.26893840104849276 0.0019395924308588065 0.004023591087811271
1 0.41642285298398835 0.21627785058977722 0.0024272197962154295 0.0035517693315858453
1 0.42503639010189226 0.16353211009174312 0.00363901018922853 0.004213630406290957
1 0.766193595342067 0.09287024901703801 0.0032751091703056767 0.0057470511140235905
1 0.8262991266375546 0.02644167758846658 0.0033951965065502185 0.003958060288335518
1 0.7564301310043668 0.06479030144167759 0.0019395924308588065 0.005943643512450852
1 0.7056040756914119 0.5045347313237222 0.002183406113537118 0.004705111402359108