0 0.3288840421664849 0.028641732283464567 0.010730643402399128 0.02103674540682415
0 0.540581606688477 0.0381758530183727 0.016615776081424935 0.04198818897637795
1 0.6767248273355144 0.03598425196850394 0.009520174482006543 0.02260498687664042
1 0.5317557251908397 0.1942979002624672 0.0031152308251544895 0.014888451443569555
1 0.6523155216284987 0.4850721784776903 0.01471464921846601 0.01714566929133858
1 0.6652126499454744 0.6725262467191602 0.014540167211922937 0.03583989501312336
1 0.3839294801890222 0.7273753280839895 0.012809887313704109 0.023681102362204727
1 0.39777898945837875 0.7106561679790026 0.005194474736459469 0.007106299212598425
1 0.4009814612868048 0.9630839895013124 0.006404943656852054 0.00952755905511811
1 0.016615776081424935 0.9107808398950131 0.0041548527808069795 0.008031496062992126
1 0.21074518356961106 0.8615551181102362 0.015405307161032352 0.03144356955380578
1 0.2150708833151581 0.7923228346456693 0.01748455107233733 0.02734251968503937
1 0.16703744093057069 0.6388517060367455 0.0038095238095238095 0.007860892388451444
1 0.7439731006906579 0.5962664041994751 0.014194838240639766 0.023923884514435695
1 0.8265394402035623 0.7595734908136482 0.004845510723373319 0.007460629921259842
1 0.9882115594329335 0.34374671916010496 0.010385314431115959 0.03257217847769029
1 0.8389167575427118 0.03536745406824147 0.005710650672482734 0.00823490813648294
1 0.9350708833151582 0.22696194225721783 0.005885132679025809 0.012736220472440945
1 0.8149400218102508 0.8521916010498688 0.0045001817520901495 0.010839895013123359