1 0.3054730713245997 0.3661467889908257 0.005662299854439593 0.008545216251638269
1 0.29364628820960703 0.3940104849279161 0.005054585152838428 0.01402359108781127
1 0.2557423580786026 0.4610157273918742 0.005662299854439593 0.012608125819134992
1 0.42685953420669576 0.44714941022280474 0.005254730713245997 0.009423328964613368
1 0.3914774381368268 0.5088597640891219 0.004523289665211062 0.009488859764089122
1 0.47539665211062593 0.21228047182175622 0.002223435225618632 0.00881389252948886
1 0.26827510917030567 0.6409960681520315 0.006470160116448327 0.016520314547837485
1 0.2697634643377001 0.6935124508519004 0.0058042212518195045 0.010150720838794234
1 0.3358005822416303 0.7081847968545216 0.005662299854439593 0.008918741808650064
1 0.30399927219796213 0.7133617300131061 0.005138282387190684 0.008342070773263434
1 0.24758005822416304 0.6846985583224114 0.0038973799126637556 0.00781127129750983
1 0.2546834061135371 0.6808191349934469 0.003551673944687045 0.0066055045871559635
1 0.2964774381368268 0.8975557011795544 0.005862445414847161 0.011952817824377456
1 0.5351382823871906 0.7111009174311927 0.004042940320232897 0.010373525557011796
1 0.5412008733624454 0.7254849279161205 0.006470160116448327 0.015117955439056356
1 0.5802183406113537 0.6156880733944954 0.004446870451237264 0.007404980340760157
1 0.6352110625909753 0.6996264744429883 0.005254730713245997 0.011461336828309304
1 0.5278602620087336 0.7861205766710353 0.004042940320232897 0.011880733944954128
1 0.4885371179039301 0.7912188728702491 0.004246724890829694 0.013342070773263433
1 0.6987918486171761 0.6865203145478376 0.005054585152838428 0.01145478374836173
1 0.7362918486171761 0.8012319790301442 0.00363901018922853 0.009338138925294889
1 0.19792212518195051 0.3667300131061599 0.005254730713245997 0.011893840104849278
1 0.024767103347889376 0.5250065530799476 0.007074235807860262 0.009528178243774573
1 0.0757132459970888 0.5392070773263434 0.007074235807860262 0.01172346002621232
1 0.1038136826783115 0.5572346002621232 0.005054585152838428 0.00627129750982962
1 0.15306768558951964 0.526048492791612 0.005200145560407569 0.008905635648754915
1 0.1821542940320233 0.5483158584534732 0.005254730713245997 0.008086500655307995
1 0.18437772925764193 0.6419069462647444 0.0048508005822416305 0.007418086500655308
1 0.14778384279475984 0.6160484927916121 0.006874090247452693 0.008132372214941022
1 0.064490538573508 0.6164154652686763 0.007681950509461426 0.008859764089121888
1 0.04569141193595342 0.6273394495412844 0.006470160116448327 0.008866317169069462
1 0.02062227074235808 0.6710419397116645 0.00727802037845706 0.008892529488859765
1 0.06368267831149928 0.7223918741808649 0.00606622998544396 0.006743119266055046
1 0.019712518195050946 0.7770183486238532 0.004246724890829694 0.006775884665792923
1 0.2052256186317322 0.6966644823066841 0.006524745269286754 0.01156618610747051
1 0.2208660844250364 0.7404193971166448 0.0038427947598253277 0.010032765399737877
1 0.09643377001455604 0.6711926605504587 0.00363901018922853 0.0081651376146789
1 0.1117976710334789 0.6440891218872871 0.0028311499272197964 0.007418086500655308
1 0.07802037845705968 0.9315923984272607 0.0038427947598253277 0.006074705111402359
1 0.14859170305676855 0.8969790301441677 0.00363901018922853 0.008604193971166449
1 0.16102620087336245 0.9009829619921363 0.007885735080058225 0.007876802096985583
1 0.17992721979621543 0.6919462647444299 0.005662299854439593 0.009200524246395805
1 0.15657933042212518 0.9310288335517694 0.0038427947598253277 0.008990825688073394
1 0.16911208151382826 0.9474180865006553 0.004650655021834061 0.006815203145478375
1 0.18801673944687045 0.8873263433813893 0.0048508005822416305 0.008964613368283093
1 0.20115720524017466 0.886048492791612 0.004446870451237264 0.008597640891218873
1 0.19883187772925764 0.9434076015727393 0.003435225618631732 0.011913499344692005
1 0.4085334788937409 0.9221494102228047 0.0037882096069869 0.006336828309305373
1 0.11685225618631732 0.5658256880733945 0.005662299854439593 0.0081651376146789
1 0.47367903930131006 0.7340235910878112 0.00727802037845706 0.008171690694626475
1 0.44576055312954876 0.9258650065530799 0.004821688500727802 0.007404980340760157
1 0.49884643377001453 0.9696461336828309 0.0054585152838427945 0.007588466579292267
1 0.5959898107714702 0.9408781127129751 0.004446870451237264 0.006847968545216251
1 0.6739228529839884 0.9004521625163826 0.008693595342066958 0.01337483617300131
1 0.5349344978165939 0.9605439056356487 0.00363901018922853 0.0068545216251638275
1 0.5519177583697235 0.6724770642201835 0.00363901018922853 0.007404980340760157
1 0.7672234352256186 0.6976212319790301 0.00606622998544396 0.016179554390563566
1 0.7578711790393013 0.7471363040629097 0.010400291120815138 0.019947575360419398
1 0.7101128093158661 0.7231127129750983 0.004650655021834061 0.014737876802096985
1 0.8751819505094615 0.6331585845347314 0.008489810771470159 0.013951507208387942
1 0.79504730713246 0.573178243774574 0.004417758369723436 0.007575360419397117
1 0.7888573508005823 0.6060288335517693 0.005662299854439593 0.009927916120576672
1 0.6049890829694323 0.5948034076015727 0.004250363901018923 0.008623853211009174
1 0.9104330422125182 0.5538532110091743 0.004537845705967977 0.009587155963302754
1 0.9043959243085882 0.5945543905635648 0.005054585152838428 0.0066448230668414154
1 0.842834788937409 0.6670249017038008 0.004446870451237264 0.011788990825688073
1 0.8663427947598253 0.7025819134993447 0.004155749636098981 0.006251638269986893
1 0.8998471615720525 0.7087221494102228 0.004446870451237264 0.009993446920052424
1 0.8284825327510917 0.7313040629095675 0.0048508005822416305 0.007096985583224116
1 0.8453165938864629 0.7323132372214941 0.003526200873362445 0.006212319790301442
1 0.8756877729257642 0.8218020969855832 0.005862445414847161 0.01115989515072084
1 0.8126128093158661 0.963394495412844 0.003435225618631732 0.010380078636959372
1 0.8946906841339156 0.9695871559633027 0.009905385735080059 0.014030144167758846
1 0.9866775836972344 0.18554390563564874 0.004650655021834061 0.012123197903014417
1 0.8322052401746726 0.16711664482306685 0.004446870451237264 0.009698558322411534
1 0.8115538573508007 0.36190039318479683 0.004501455604075691 0.008591087811271297
1 0.7678311499272198 0.8061074705111402 0.0048508005822416305 0.005982961992136305
1 0.8285807860262009 0.8704062909567497 0.0038427947598253277 0.00820445609436435
1 0.8265429403202329 0.6925491480996068 0.0046215429403202325 0.00836173001310616
1 0.8523908296943231 0.7257536041939712 0.0029439592430858808 0.006402359108781127
1 0.8161499272197963 0.6777326343381389 0.004446870451237264 0.004809960681520314
1 0.6180749636098981 0.38652031454783753 0.003744541484716157 0.006743119266055046
1 0.7115356622998544 0.2792660550458716 0.0033697234352256184 0.006743119266055046
1 0.6965502183406113 0.3834862385321101 0.004119359534206696 0.007418086500655308
1 0.7832678311499273 0.4033879423328965 0.0029985443959243087 0.006743119266055046
1 0.7512409024745269 0.43711664482306684 0.00262372634643377 0.006743119266055046
1 0.7499308588064046 0.5315530799475754 0.0029985443959243087 0.005399737876802097
1 0.6373653566229985 0.5767496723460026 0.004119359534206696 0.006743119266055046
1 0.3822707423580786 0.42227391874180864 0.004119359534206696 0.006743119266055046
1 0.14908660844250363 0.5268283093053736 0.0029985443959243087 0.005399737876802097
1 0.13316593886462882 0.5565137614678899 0.004119359534206696 0.006743119266055046
1 0.1054475982532751 0.5079423328964613 0.0033697234352256184 0.006743119266055046
1 0.10582241630276565 0.5332372214941022 0.00262372634643377 0.004724770642201835
1 0.280382096069869 0.3592005242463958 0.0033697234352256184 0.0060681520314547835
1 0.23692867540029114 0.5652817824377457 0.00262372634643377 0.006743119266055046
1 0.23786390101892285 0.5032175622542595 0.0029985443959243087 0.005399737876802097
1 0.29236899563318774 0.5366120576671035 0.0033697234352256184 0.0060681520314547835
1 0.28337700145560407 0.5332372214941022 0.00262372634643377 0.0060681520314547835
1 0.3818959243085881 0.3153538663171691 0.0033697234352256184 0.0060681520314547835
1 0.41392285298398834 0.37336828309305375 0.0029985443959243087 0.0060681520314547835
1 0.5493377001455604 0.5457208387942333 0.004119359534206696 0.009442988204456094
1 0.5279876273653566 0.6398165137614679 0.0033697234352256184 0.008768020969855832
1 0.5066339155749636 0.640832241153342 0.004119359534206696 0.00809305373525557
1 0.5068231441048034 0.6516251638269986 0.0029985443959243087 0.006743119266055046
1 0.43096797671033477 0.6944560943643513 0.0033697234352256184 0.007418086500655308
1 0.32346069868995636 0.7760812581913499 0.0033697234352256184 0.0060681520314547835
1 0.31147379912663753 0.7544954128440367 0.0033697234352256184 0.007418086500655308
1 0.570127365356623 0.7211009174311928 0.0029985443959243087 0.006743119266055046
1 0.47797671033478895 0.687038007863696 0.0029985443959243087 0.004724770642201835
1 0.2927438136826783 0.8337549148099607 0.0033697234352256184 0.006743119266055046
1 0.42572416302765653 0.9146985583224115 0.00262372634643377 0.0040498034076015725
1 0.58117903930131 0.923473132372215 0.004119359534206696 0.00809305373525557
1 0.570127365356623 0.6472411533420708 0.0029985443959243087 0.0060681520314547835
1 0.44632459970887917 0.8496068152031455 0.0033697234352256184 0.004724770642201835
1 0.47573144104803494 0.8641087811271299 0.0029985443959243087 0.005399737876802097
1 0.5867976710334789 0.7541546526867627 0.0033697234352256184 0.006743119266055046
1 0.6375545851528385 0.8141939711664482 0.003744541484716157 0.005399737876802097
1 0.6487918486171762 0.9308912188728702 0.0029985443959243087 0.006743119266055046
1 0.607962154294032 0.8118283093053734 0.003744541484716157 0.0060681520314547835
1 0.829155749636099 0.8840104849279161 0.00262372634643377 0.004724770642201835
1 0.6220087336244542 0.9598951507208388 0.0033697234352256184 0.005399737876802097
1 0.7920742358078602 0.7211009174311928 0.0033697234352256184 0.006743119266055046
1 0.8048071324599709 0.6698361730013106 0.0033697234352256184 0.00809305373525557
1 0.8079912663755459 0.741002621231979 0.0029985443959243087 0.0060681520314547835
1 0.816608442503639 0.7652883355176933 0.0029985443959243087 0.0060681520314547835
1 0.8098653566229986 0.8013761467889909 0.0029985443959243087 0.005399737876802097
1 0.8922743813682678 0.8334141546526868 0.0029985443959243087 0.0060681520314547835
1 0.9846106259097526 0.7001900393184797 0.0033697234352256184 0.006743119266055046
1 0.9761826783114993 0.6991808650065531 0.003744541484716157 0.007418086500655308
1 0.9788064046579331 0.7865334207077327 0.0029985443959243087 0.006743119266055046
1 0.6823180494905385 0.8452228047182175 0.004868995633187773 0.009442988204456094
1 0.6313719068413391 0.7953014416775885 0.00262372634643377 0.005399737876802097
1 0.8993922852983989 0.23070117955439057 0.003744541484716157 0.006743119266055046
1 0.6351200873362445 0.23271952817824376 0.004119359534206696 0.00809305373525557
1 0.6607787481804949 0.22800131061598952 0.003744541484716157 0.005399737876802097
1 0.6735152838427947 0.1598689384010485 0.0029985443959243087 0.005399737876802097
1 0.6090866084425036 0.5504390563564876 0.003744541484716157 0.005399737876802097
1 0.20003275109170307 0.7069397116644823 0.004494177583697234 0.006743119266055046
1 0.1599490538573508 0.7140170380078636 0.004494177583697234 0.007418086500655308
1 0.18635735080058224 0.7076146788990825 0.004868995633187773 0.00809305373525557
1 0.2034024745269287 0.685353866317169 0.0029985443959243087 0.006743119266055046
1 0.16856622998544396 0.8330799475753604 0.0029985443959243087 0.006743119266055046
1 0.12005458515283844 0.8570249017038007 0.0033697234352256184 0.007418086500655308
1 0.151146288209607 0.8809698558322411 0.004119359534206696 0.00809305373525557
1 0.00561863173216885 0.9892398427260812 0.004494177583697234 0.010117955439056357
1 0.14796215429403203 0.9288663171690695 0.003744541484716157 0.006743119266055046
1 0.16856622998544396 0.9814809960681521 0.0029985443959243087 0.005399737876802097
1 0.18411208151382824 0.9251572739187418 0.004119359534206696 0.007418086500655308
1 0.10488719068413392 0.5851769331585845 0.003744541484716157 0.008768020969855832
1 0.06948689956331877 0.5956356487549148 0.0033697234352256184 0.006743119266055046
1 0.16032387190684133 0.6516251638269986 0.003744541484716157 0.006743119266055046
1 0.26408660844250365 0.9851900393184797 0.0029985443959243087 0.0060681520314547835
1 0.08727802037845706 0.6725360419397116 0.0029985443959243087 0.005399737876802097
1 0.04682314410480349 0.6044036697247707 0.003744541484716157 0.006743119266055046
1 0.19347525473071323 0.9942988204456094 0.00262372634643377 0.00809305373525557
1 0.08709243085880641 0.8408387942332896 0.00262372634643377 0.0060681520314547835
1 0.18392285298398836 0.21720838794233288 0.0029985443959243087 0.00809305373525557
1 0.054315866084425034 0.10961336828309307 0.003744541484716157 0.007418086500655308
1 0.9063209606986901 0.3750524246395806 0.00262372634643377 0.0040498034076015725
1 0.5287336244541485 0.584167758846658 0.004119359534206696 0.00809305373525557
1 0.3352583697234352 0.7845085190039319 0.003744541484716157 0.006743119266055046