1 0.07458866544789762 0.09787997390737117 0.008775137111517367 0.009634703196347032
1 0.05326142595978062 0.12071754729288976 0.002680073126142596 0.010952380952380951
1 0.018281535648994516 0.21864318330071755 0.007312614259597806 0.011885192433137638
1 0.07458866544789762 0.15921722113502937 0.008775137111517367 0.01750163078930202
1 0.0897001828153565 0.18510110893672538 0.009751371115173674 0.0249119373776908
1 0.09457769652650823 0.27079582517938683 0.010723948811700182 0.008434442270058708
1 0.06093967093235832 0.35606001304631446 0.00779890310786106 0.011969993476842793
1 0.016574040219378427 0.44849967384213957 0.006826325411334553 0.011598173515981736
1 0.03680804387568556 0.49570123939986954 0.006336380255941499 0.01467058056099152
1 0.09055575868372943 0.5241943900848011 0.009992687385740402 0.011643835616438357
1 0.12053747714808044 0.2879843444227006 0.005605118829981719 0.014103065883887803
1 0.14186471663619743 0.2710176125244619 0.005850091407678245 0.011480756686236139
1 0.18683729433272395 0.19967384213959558 0.006581352833638025 0.014918460534898892
1 0.2229140767824497 0.23425962165688194 0.011455210237659963 0.018851924331376384
1 0.16185374771480804 0.45481409001956946 0.013648994515539305 0.021604696673189823
1 0.2006032906764168 0.4483039791258969 0.0063327239488117 0.008584474885844748
1 0.14186471663619743 0.5215851272015656 0.008775137111517367 0.011643835616438357
1 0.24472760511883 0.15186562296151337 0.0039012797074954295 0.013228962818003915
1 0.2910420475319927 0.1823157208088715 0.005850091407678245 0.011506849315068493
1 0.36879341864716636 0.20319634703196346 0.006325411334552103 0.011519895629484671
1 0.4043875685557587 0.07225701239399869 0.0043875685557586835 0.01579256360078278
1 0.43376599634369284 0.07923679060665362 0.004120658135283364 0.008871493803000651
1 0.4370493601462523 0.0979191128506197 0.005363802559414991 0.009712981082844097
1 0.41681901279707495 0.16230267449445532 0.005850091407678245 0.00801696020874103
1 0.40719195612431447 0.20580560991519894 0.005605118829981719 0.01152641878669276
1 0.39682998171846434 0.28193085453359423 0.006826325411334553 0.017664709719504238
1 0.4185265082266911 0.3587149380300065 0.006336380255941499 0.012054794520547946
1 0.3959780621572212 0.4411545988258317 0.006581352833638025 0.010717547292889758
1 0.41584277879341863 0.4578538812785388 0.006826325411334553 0.01203522504892368
1 0.18671663619744058 0.5802739726027397 0.00779890310786106 0.019425962165688194
1 0.20817184643510056 0.6046510110893673 0.006837294332723949 0.015923026744944554
1 0.20889579524680074 0.625075016307893 0.008288848263254114 0.015101108936725375
1 0.15917001828153565 0.6790215264187868 0.005363802559414991 0.01339856490541422
1 0.35322851919561243 0.6724657534246576 0.006336380255941499 0.008962818003913894
1 0.003656307129798903 0.8133985649054143 0.007312614259597806 0.010789302022178733
1 0.3193053016453382 0.8320482713633398 0.005850091407678245 0.013333333333333334
1 0.05813528336380256 0.9419047619047619 0.006581352833638025 0.00948467058056099
1 0.22059597806215725 0.9369015003261578 0.008288848263254114 0.012524461839530333
1 0.24716636197440586 0.956477495107632 0.0029250457038391227 0.009928245270711025
1 0.30895795246800734 0.9534311806914546 0.005118829981718464 0.014279191128506197
1 0.3762340036563071 0.8729549902152642 0.005118829981718464 0.015094585779517286
1 0.38001096892138936 0.9114546640574038 0.005363802559414991 0.011206784083496412
1 0.4493601462522852 0.7635485975212003 0.010968921389396709 0.012850619699934769
1 0.5257733089579525 0.9623679060665362 0.006358318098720292 0.012054794520547946
1 0.5380877513711152 0.44163731245923027 0.012917733089579523 0.026568819308545336
1 0.1989140767824497 0.5341487279843444 0.0039012797074954295 0.010528375733855186
1 0.5124936014625229 0.014396607958251794 0.011945155393053018 0.011219830397912588
1 0.5260329067641683 0.11859752120026093 0.004903107861060329 0.011924331376386172
1 0.4936014625228519 0.2538747553816047 0.0043875685557586835 0.0058969341161121975
1 0.6205959780621572 0.11333333333333334 0.006826325411334553 0.009223744292237443
1 0.5584387568555759 0.30887149380300066 0.005363802559414991 0.01152641878669276
1 0.5809872029250457 0.4076190476190476 0.008043875685557587 0.010717547292889758
1 0.6208409506398538 0.16553163731245923 0.007312614259597806 0.009256360078277886
1 0.6732468007312614 0.12551206784083496 0.006826325411334553 0.012713633398564904
1 0.6631334552102377 0.18140900195694717 0.005605118829981719 0.012315720808871493
1 0.6889689213893967 0.22621656881930857 0.00463254113345521 0.01843444227005871
1 0.8007312614259597 0.17097195042400523 0.007312614259597806 0.033189823874755386
1 0.8411956124314443 0.0643900848010437 0.006336380255941499 0.007886497064579256
1 0.8450932358318098 0.09049575994781474 0.011213893967093236 0.013124592302674496
1 0.8574040219378428 0.13007827788649706 0.010968921389396709 0.014018264840182648
1 0.8574844606946983 0.1065883887801696 0.012676416819012798 0.01400521852576647
1 0.9406471663619744 0.10919765166340509 0.006336380255941499 0.01400521852576647
1 0.8588665447897623 0.2303522504892368 0.008043875685557587 0.013646444879321594
1 0.7485667276051188 0.2634116112198304 0.005363802559414991 0.011930854533594258
1 0.693235831809872 0.4987540769732551 0.005850091407678245 0.01816699282452707
1 0.7329689213893967 0.4332876712328767 0.0034113345521023766 0.009863013698630137
1 0.7356489945155393 0.4715655577299413 0.0029250457038391227 0.013365949119373777
1 0.8650859232175504 0.4583170254403131 0.005385740402193784 0.012054794520547946
1 0.8973784277879342 0.208382257012394 0.006095063985374772 0.008851924331376387
1 0.9003107861060329 0.26059360730593606 0.005118829981718464 0.007142857142857143
1 0.5708702010968921 0.2305675146771037 0.006826325411334553 0.0062557077625570775
1 0.9427166361974405 0.28864318330071753 0.006095063985374772 0.010208741030658839
1 0.6449725776965265 0.6700652315720809 0.008775137111517367 0.011154598825831703
1 0.6489945155393053 0.7383626875407698 0.003656307129798903 0.012067840834964122
1 0.63327239488117 0.5219439008480105 0.0029250457038391227 0.009752120026092628
1 0.7111517367458866 0.7718656229615134 0.005118829981718464 0.01643835616438356
1 0.6370493601462522 0.8496868884540117 0.011945155393053018 0.01553163731245923
1 0.5673491773308958 0.8923613829093281 0.006106032906764168 0.008636660143509459
1 0.6443619744058501 0.9077625570776255 0.006095063985374772 0.01426614481409002
1 0.683363802559415 0.9227984344422702 0.005118829981718464 0.010417482061317679
1 0.7510127970749543 0.8390150032615786 0.008274223034734917 0.017664709719504238
1 0.7761133455210238 0.8890606653620353 0.00779890310786106 0.013385518590998043
1 0.7836672760511882 0.8679582517938682 0.005363802559414991 0.015544683626875406
1 0.7647787934186472 0.9551793868232225 0.007067641681901279 0.00994781474233529
1 0.7809872029250458 0.9543118069145466 0.005850091407678245 0.013424657534246574
1 0.9597806215722121 0.676771037181996 0.010968921389396709 0.021950424005218523
1 0.9723473491773309 0.6030528375733856 0.006336380255941499 0.00928897586431833
1 0.9913528336380255 0.5991258969341161 0.007352833638025594 0.008401826484018266
1 0.8811700182815356 0.9282061317677757 0.0043875685557586835 0.01340508806262231
1 0.9940292504570384 0.9205936073059361 0.004873857404021938 0.011226353555120678
1 0.9930530164533821 0.9321200260926289 0.005850091407678245 0.005577299412915852
1 0.9118829981718465 0.6626288323548597 0.010237659963436929 0.011937377690802348
1 0.9898829981718464 0.3558382257012394 0.0039012797074954295 0.008917155903457274
1 0.026453382084095062 0.28274624918460534 0.004449725776965265 0.009706457925636009
1 0.17381352833638025 0.06925636007827789 0.005440585009140768 0.009706457925636009
1 0.2497148080438757 0.39522504892367905 0.003956124314442413 0.008819308545335943
1 0.10779890310786105 0.2712785388127854 0.004943327239488117 0.007938682322243967
1 0.07367824497257769 0.18834964122635356 0.004943327239488117 0.009706457925636009
1 0.024972577696526506 0.1530658838878017 0.0034625228519195614 0.01146771037181996
1 0.17677879341864716 0.447716894977169 0.0034625228519195614 0.007938682322243967
1 0.06180987202925046 0.5059425962165688 0.003956124314442413 0.007938682322243967
1 0.2059524680073126 0.5103587736464449 0.0034625228519195614 0.0061774298760600135
1 0.026950639853747713 0.07675146771037182 0.005440585009140768 0.010587084148727985
1 0.10334917733089581 0.0061774298760600135 0.00296526508226691 0.00705805609915199
1 0.13845703839122486 0.3343574690150033 0.003956124314442413 0.00705805609915199
1 0.18889213893967094 0.25671885192433136 0.004943327239488117 0.010587084148727985
1 0.4848446069469835 0.23466405740378343 0.004449725776965265 0.008819308545335943
1 0.39287020109689214 0.14732550554468363 0.005440585009140768 0.010587084148727985
1 0.3787751371115174 0.19320287018917157 0.004943327239488117 0.010587084148727985
1 0.5048702010968921 0.17379647749510763 0.00593418647166362 0.012348336594911937
1 0.6403619744058501 0.447279843444227 0.003956124314442413 0.010587084148727985
1 0.4833601462522852 0.3286236138290933 0.004449725776965265 0.007938682322243967
1 0.8112065813528336 0.2761317677756034 0.005440585009140768 0.008819308545335943
1 0.9101023765996344 0.29245270711024135 0.004449725776965265 0.007938682322243967
1 0.9773528336380256 0.3145075016307893 0.004449725776965265 0.007938682322243967
1 0.9877367458866545 0.32950424005218526 0.004449725776965265 0.007938682322243967
1 0.6514844606946983 0.02558382257012394 0.008405850091407678 0.01411611219830398
1 0.7629945155393053 0.26377690802348336 0.003956124314442413 0.00705805609915199
1 0.6720073126142596 0.2187866927592955 0.003956124314442413 0.00705805609915199
1 0.498691042047532 0.5438812785388127 0.004449725776965265 0.007938682322243967
1 0.4460255941499086 0.2800978473581213 0.00296526508226691 0.007938682322243967
1 0.533798903107861 0.2501043705153294 0.0034625228519195614 0.0061774298760600135
1 0.18691773308957954 0.6837116764514025 0.004943327239488117 0.010587084148727985
1 0.14661425959780622 0.6506262230919765 0.007418647166361974 0.009706457925636009
1 0.07269104204753199 0.7300260926288324 0.004943327239488117 0.009706457925636009
1 0.041535648994515534 0.7145857795172864 0.004943327239488117 0.008819308545335943
1 0.01706032906764168 0.7851598173515982 0.0034625228519195614 0.00705805609915199
1 0.14958318098720294 0.7498760600130463 0.004449725776965265 0.008819308545335943
1 0.48138208409506394 0.7445792563600783 0.005440585009140768 0.00705805609915199
1 0.40300548446069473 0.9095564253098499 0.004943327239488117 0.008819308545335943
1 0.5651992687385741 0.9007305936073059 0.004943327239488117 0.00705805609915199
1 0.6237952468007313 0.93293542074364 0.005440585009140768 0.009706457925636009
1 0.4128957952468007 0.7838421395955644 0.00296526508226691 0.007938682322243967
1 0.2037294332723949 0.9589562948467057 0.004943327239488117 0.008819308545335943
1 0.32809140767824496 0.9249902152641879 0.006427787934186471 0.009706457925636009
1 0.008157221206581352 0.890587084148728 0.004449725776965265 0.007938682322243967
1 0.11274223034734919 0.5253555120678408 0.003956124314442413 0.007938682322243967
1 0.004204753199268739 0.1742335290280496 0.004449725776965265 0.009706457925636009
1 0.37679707495429615 0.33038486627527724 0.00593418647166362 0.009706457925636009
1 0.15353930530164533 0.2977429876060013 0.0034625228519195614 0.0061774298760600135
1 0.3112797074954296 0.868969341161122 0.005440585009140768 0.008819308545335943
1 0.38891407678244977 0.6987084148727983 0.004449725776965265 0.00705805609915199
1 0.7884606946983547 0.8138356164383561 0.005440585009140768 0.007938682322243967
1 0.782526508226691 0.8398564905414221 0.004449725776965265 0.008819308545335943
1 0.6950018281535649 0.9576320939334637 0.005440585009140768 0.009706457925636009
1 0.819363802559415 0.928082191780822 0.004943327239488117 0.008819308545335943
1 0.773129798903108 0.9435159817351598 0.004449725776965265 0.007938682322243967
1 0.7063729433272395 0.916614481409002 0.004449725776965265 0.008819308545335943
1 0.8799378427787935 0.7494324853228963 0.004449725776965265 0.007938682322243967
1 0.7407422303473492 0.7163535551206784 0.004943327239488117 0.008819308545335943
1 0.9610347349177331 0.9091128506196999 0.004449725776965265 0.007938682322243967