1 0.05129407488186115 0.052880577427821526 0.003231552162849873 0.008799212598425197
1 0.039683751363140674 0.22390419947506562 0.0054525627044711015 0.00963254593175853
1 0.10975645219920029 0.07275590551181102 0.00504907306434024 0.006988188976377953
1 0.12056343147946202 0.1148753280839895 0.006059614685568884 0.005918635170603675
1 0.03635041802980734 0.27364173228346456 0.007270083605961469 0.0063123359580052486
1 0.04886950199927299 0.32833989501312333 0.003231552162849873 0.0063517060367454066
1 0.08582697201017812 0.3215944881889764 0.004442021083242457 0.008169291338582676
1 0.14863322428207923 0.40181758530183725 0.004038531443111596 0.006758530183727035
1 0.2378916757542712 0.06528215223097113 0.005656125045438023 0.007349081364829396
1 0.2708106143220647 0.22043963254593174 0.0036350418029807343 0.00926509186351706
1 0.3255398037077426 0.13219160104986877 0.004038531443111596 0.007755905511811024
1 0.2764667393675027 0.191994750656168 0.0028280625227190114 0.004875328083989501
1 0.359062159214831 0.06272965879265091 0.003231552162849873 0.006614173228346456
1 0.3837004725554344 0.062362204724409454 0.004038531443111596 0.005885826771653543
1 0.3839003998545983 0.11068241469816273 0.004442021083242457 0.008471128608923885
1 0.013329698291530353 0.7940485564304463 0.004845510723373319 0.003812335958005249
1 0.236982915303526 0.8545800524934384 0.00504907306434024 0.011148293963254593
1 0.2739403853144311 0.9616076115485565 0.0038386041439476557 0.008661417322834646
1 0.22719011268629588 0.7805577427821522 0.0036350418029807343 0.007454068241469816
1 0.22941112322791712 0.6695209973753281 0.003231552162849873 0.006286089238845144
1 0.35037804434750996 0.6740748031496063 0.00524900036350418 0.004468503937007874
1 0.38854598327880774 0.6715223097112861 0.0016139585605234462 0.008116797900262467
1 0.37854961832061074 0.3077755905511811 0.0022210105416212286 0.006771653543307087
1 0.44620138131588516 0.05397637795275591 0.01029807342784442 0.006614173228346456
1 0.5117339149400219 0.13019028871391075 0.004442021083242457 0.01031496062992126
1 0.48507451835696114 0.39383858267716537 0.006866593965830607 0.012664041994750656
1 0.6234096692111959 0.11961942257217849 0.004845510723373319 0.00666010498687664
1 0.6698582333696838 0.1360236220472441 0.0016139585605234462 0.004481627296587926
1 0.5293020719738276 0.2786023622047244 0.003231552162849873 0.005301837270341207
1 0.8350490730643402 0.2177034120734908 0.006463104325699746 0.005984251968503936
1 0.9502617230098146 0.09864173228346458 0.0030279898218829515 0.006272965879265092
1 0.9361250454380227 0.25252624671916013 0.0038386041439476557 0.007828083989501312
1 0.9455143584151218 0.41151574803149604 0.006866593965830607 0.010846456692913387
0 0.9027117411850236 0.5425984251968504 0.0290948745910578 0.04167979002624672
1 0.9091457651762995 0.5802624671916011 0.006059614685568884 0.005269028871391076
1 0.950399854598328 0.5663385826771654 0.0019810977826245 0.0060498687664041996
1 0.7823046165030898 0.8146916010498687 0.0028644129407488185 0.004068241469816273
1 0.8723009814612868 0.8871916010498687 0.003082515448927663 0.004711286089238845
1 0.9763940385314431 0.5925721784776903 0.00639040348964013 0.008418635170603674
1 0.9352526354053072 0.5426509186351706 0.0027553616866593965 0.0063976377952755905
1 0.9392729916394039 0.5342913385826772 0.003525990548891312 0.0040026246719160104
1 0.9404289349327517 0.5405577427821522 0.0025336241366775715 0.0034120734908136482
1 0.6883860414394766 0.881784776902887 0.0045438022537259174 0.0061417322834645665
1 0.8724100327153762 0.7964566929133858 0.0036350418029807343 0.006082677165354331
1 0.47581243184296623 0.6879199475065617 0.00742275536168666 0.0088254593175853
1 0.4688004362050164 0.5258530183727034 0.0021810250817884407 0.0059251968503937005
1 0.44517266448564163 0.2311548556430446 0.0029080334423845873 0.006194225721784776
1 0.02722282806252272 0.47181758530183726 0.0030679752817157394 0.004593175853018373
1 0.17407851690294437 0.8591010498687663 0.0030679752817157394 0.0057545931758530185
1 0.35328607778989457 0.06638451443569554 0.005736095965103599 0.010859580052493439
1 0.49048709560159937 0.654744094488189 0.003391494002181025 0.006489501312335958
1 0.6172700836059615 0.7479068241469816 0.0073500545256270445 0.010839895013123359
1 0.5112068338785896 0.7499540682414698 0.0036350418029807343 0.004422572178477691
1 0.6984114867320974 0.01437007874015748 0.003391494002181025 0.0039566929133858265
1 0.7639258451472192 0.44664041994750653 0.002584514721919302 0.003221784776902887
1 0.8540748818611413 0.8176049868766404 0.005009087604507452 0.0067388451443569555
1 0.8308505997818976 0.8547244094488189 0.0036350418029807343 0.003116797900262467
1 0.928873137041076 0.06973097112860892 0.005332606324972737 0.008805774278215222
1 0.9264521992002909 0.06010498687664042 0.0024245728825881495 0.007053805774278215
1 0.7793529625590694 0.08256561679790027 0.0029080334423845873 0.002985564304461942
1 0.7678007997091966 0.1773753280839895 0.0021010541621228644 0.0036286089238845146