0 0.41009051412020275 0.437363216875412 0.0149637943519189 0.030072511535926168
0 0.536448225923244 0.36922214897824657 0.017136133236784937 0.041456822676334874
0 0.685130340333092 0.3384508899143045 0.016173062997827663 0.022096242584047465
0 0.5515314989138306 0.47274884640738296 0.016897175959449676 0.024383651944627556
0 0.7701737871107892 0.5053526697429136 0.015047067342505431 0.02893869479235333
0 0.7915749456915279 0.433843111404087 0.014724837074583635 0.03358602504943969
0 0.4436386676321506 0.0378444297956493 0.012552498189717596 0.032623599208965064
0 0.13082186821144098 0.20906394199077125 0.024138305575669806 0.03755438365194463
0 0.9181752353367125 0.5710283454185893 0.01882693700217234 0.03109426499670402
0 0.730789283128168 0.7368490441661173 0.01383779869659667 0.02083717864205669
0 0.8544134685010861 0.11263678312458801 0.016973207820419986 0.022827949901120633
1 0.02389572773352643 0.09629531970995386 0.00724112961622013 0.015049439683586024
1 0.03729181752353367 0.14289386947923535 0.0065170166545981175 0.018595912986156888
1 0.06154960173787111 0.2055372445616348 0.004344677769732078 0.00940013183915623
1 0.0941346850108617 0.046400791034937376 0.01448225923244026 0.02864205669083718
1 0.02269007965242578 0.4707514831905076 0.004826212889210717 0.009841793012524719
1 0.06517016654598118 0.4336058009228741 0.005792903692976104 0.006743572841133817
1 0.11368573497465605 0.5918655240606461 0.004344677769732078 0.006842452208305867
1 0.09678855901520636 0.6134014502307185 0.005311368573497466 0.007732366512854318
1 0.09872194062273715 0.623295978905735 0.006274438812454743 0.00905735003295979
1 0.09811730629978277 0.685497692814766 0.003620564808110065 0.0095385629531971
1 0.10801230992034756 0.47646671061305207 0.0031390296886314264 0.005451549110085695
1 0.202994207096307 0.0407251153592617 0.006274438812454743 0.012017139090309822
1 0.21047429398986242 0.027317073170731707 0.012552498189717596 0.014205669083717865
1 0.20347574221578565 0.08776532630191165 0.004344677769732078 0.011166776532630191
1 0.21011223750905142 0.22865524060646011 0.004587255611875452 0.01081740276862228
1 0.18078566256335987 0.2585497692814766 0.005311368573497466 0.012597231377719183
1 0.16264663287472847 0.29049439683586026 0.0058725561187545254 0.01027686222808174
1 0.2927842143374366 0.04556361239288069 0.006274438812454743 0.011140408701384311
1 0.3025597393193338 0.054133157547791695 0.0041020999275887034 0.00982860909690178
1 0.26393917451122373 0.15810151615029663 0.005068790731354091 0.009452867501647989
1 0.2868682114409848 0.15480553724456164 0.004587255611875452 0.01077125906394199
1 0.2824040550325851 0.16996704021094264 0.005792903692976104 0.006822676334871457
1 0.3282657494569153 0.18535926170072511 0.004826212889210717 0.011232696110744891
1 0.2671976828385228 0.2066776532630191 0.004344677769732078 0.00904416611733685
1 0.32234974656046345 0.23349373764007908 0.00603548153511948 0.00994067237969677
1 0.24933743664011584 0.29323665128543175 0.012067342505430846 0.018688200395517468
1 0.2638196958725561 0.3015886618325643 0.0149637943519189 0.024851680949241926
1 0.19836712527154235 0.4300922874093606 0.004265025343953657 0.007613711272247858
1 0.14438088341781316 0.6541463414634147 0.006354091238233165 0.01157547791694133
1 0.1781317885590152 0.631206328279499 0.005792903692976104 0.00906394199077126
1 0.1671506154960174 0.677152274225445 0.011343229543808833 0.02975609756097561
1 0.2507856625633599 0.9779696769940672 0.006274438812454743 0.01175346077785102
1 0.2872302679217958 0.9195056031641398 0.006759594496741492 0.010837178642056692
1 0.27588703837798695 0.9045550428477258 0.004344677769732078 0.012590639419907713
1 0.28819695872556117 0.7895319709953856 0.005792903692976104 0.00929466051417271
1 0.3136603910209993 0.7972972972972973 0.00603548153511948 0.009004614370468029
1 0.39608979000724115 0.9258800263678312 0.00724112961622013 0.015682267633487144
1 0.4091238233164374 0.8502702702702702 0.004344677769732078 0.012116018457481871
1 0.45413830557566975 0.9313711272247859 0.0031390296886314264 0.008206987475280158
1 0.41274438812454745 0.7770731707317072 0.008689355539464157 0.016025049439683584
1 0.35541998551774073 0.6047462096242584 0.00555032585083273 0.014159525379037575
1 0.42984431571325127 0.5946407382992749 0.008124547429398986 0.013566249176005272
1 0.4185372918175235 0.6946473302570864 0.002896451846488052 0.012017139090309822
1 0.27685372918175233 0.49620962425840476 0.006274438812454743 0.013289386947923533
1 0.3834178131788559 0.09761371127224787 0.0065170166545981175 0.008015820698747528
1 0.4167270094134685 0.28071193144363876 0.0065170166545981175 0.012089650626235992
1 0.3813649529326575 0.23205669083717861 0.006759594496741492 0.012346736980883323
1 0.34009051412020275 0.32576796308503625 0.005311368573497466 0.0046407382992748845
1 0.4389753801593049 0.07943968358602506 0.005792903692976104 0.011522742254449572
1 0.4441238233164374 0.05914963744232037 0.004826212889210717 0.006671061305207646
1 0.5008435916002896 0.07343441001977588 0.005311368573497466 0.0115161502966381
1 0.5098950036205648 0.06090969017798287 0.004587255611875452 0.010191166776532631
1 0.5053113685734975 0.17938035596572183 0.006998551774076755 0.012465392221489782
1 0.525825488776249 0.28972313777191827 0.01327661115133961 0.02220171390903098
1 0.6016183924692252 0.027270929466051416 0.006998551774076755 0.014106789716545814
1 0.5380159304851557 0.09057350032959789 0.005792903692976104 0.00887277521423863
1 0.5483960897900073 0.21630191166776533 0.0033779869659666907 0.012471984179301253
1 0.645427226647357 0.1048582729070534 0.006274438812454743 0.008444297956493079
1 0.6634069514844315 0.16662491760052736 0.00603548153511948 0.008042188529993407
1 0.7711803041274439 0.23915622940013184 0.008689355539464157 0.015998681608437707
1 0.800626357711803 0.25740276862228084 0.009656046343229545 0.01821357943309163
1 0.7808363504706735 0.08441661173368491 0.007722664735698768 0.012386288727752142
1 0.8388848660391021 0.02939353988134476 0.006354091238233165 0.00957152274225445
1 0.8036459087617669 0.1312326961107449 0.00555032585083273 0.00845748187211602
1 0.8085916002896452 0.006829268292682927 0.005311368573497466 0.012775214238628872
1 0.8005068790731354 0.11562953197099539 0.0047465604634322955 0.0100659195781147
1 0.8145438088341781 0.06573500329597891 0.004185372918175235 0.008417930125247199
1 0.8608472121650977 0.14574159525379038 0.004265025343953657 0.007877389584706657
1 0.8742469225199131 0.21102175346077787 0.006274438812454743 0.012465392221489782
1 0.8869188993482984 0.09160184574818722 0.005228095582910934 0.00945945945945946
1 0.8717125271542361 0.30847066578773896 0.006194786386676321 0.014581410678971654
1 0.8371542360608254 0.48829268292682926 0.005311368573497466 0.011239288068556362
1 0.7105973931933381 0.35077785102175346 0.0033779869659666907 0.007198417930125247
1 0.8498262128892107 0.6401054713249835 0.009735698769007966 0.01895187870797627
1 0.9190188269370021 0.4250692155570205 0.010380159304851557 0.023948582729070533
1 0.858917451122375 0.4918852999340805 0.0031390296886314264 0.00992089650626236
1 0.6309449674149168 0.9540079103493738 0.01786024619840695 0.01919578114700066
1 0.5925669804489501 0.9361964403427818 0.004826212889210717 0.008193803559657218
1 0.8172809558291093 0.9287277521423863 0.008207820419985518 0.024014502307185232
1 0.8155937726285301 0.8408042188529994 0.004826212889210717 0.01165458141067897
1 0.8441962346125996 0.7599208965062624 0.00555032585083273 0.013361898483849704
1 0.8993482983345402 0.8069611074489124 0.010137581462708182 0.02305866842452208
1 0.6019804489500362 0.7823401450230718 0.002896451846488052 0.005458141067897165
1 0.6550796524257784 0.9115820698747528 0.005311368573497466 0.01081740276862228
1 0.6217306299782767 0.515174686882004 0.005228095582910934 0.008747528015820698
1 0.914112961622013 0.22519446275543836 0.006357711803041274 0.012096242584047463
1 0.5929290369297611 0.304614370468029 0.0041020999275887034 0.0098022412656559
1 0.9483454018826937 0.08970336189848385 0.005311368573497466 0.015042847725774555
1 0.981415640839971 0.12003295978905736 0.004826212889210717 0.007145682267633487
1 0.938291093410572 0.11725115359261701 0.004663287472845765 0.00949241924851681
1 0.9335010861694424 0.1815754779169413 0.00603548153511948 0.008945286750164799
1 0.9483454018826937 0.2888398154251813 0.008207820419985518 0.0072577455504284774
1 0.9563106444605358 0.6120435069215557 0.0038631426502534396 0.007646671061305207
1 0.9751375814627081 0.8151417270929465 0.0038631426502534396 0.007778510217534608
1 0.9889391745112237 0.8563876071193145 0.005068790731354091 0.005899802241265655
1 0.9837907313540912 0.9822940013183916 0.0071578566256335985 0.012485168094924193
1 0.9786784938450399 0.925945945945946 0.004344677769732078 0.009670402109426499
1 0.9833454018826937 0.9331311799604483 0.0049891383055756695 0.007033618984838497
1 0.5841708906589428 0.4510085695451549 0.003620564808110065 0.008061964403427819
1 0.3660354815351195 0.5466381015161503 0.003620564808110065 0.008793671720500988
1 0.5529797248370746 0.5664205669083717 0.004829833454018827 0.007330257086354647
1 0.4571940622737147 0.5470006591957811 0.003218682114409848 0.008061964403427819
1 0.581151339608979 0.5825444957152275 0.004829833454018827 0.005860250494396836
1 0.7292541636495293 0.46932762030323005 0.004026068066618392 0.0065919578114700065
1 0.8129652425778421 0.3857943309162821 0.004026068066618392 0.010988793671720502
1 0.7926430123099204 0.5788793671720501 0.00442795076031861 0.007330257086354647
1 0.8626719768283851 0.16413974950560317 0.003620564808110065 0.008793671720500988
1 0.6493664011585807 0.26086354647330257 0.0052317161477190436 0.007330257086354647
1 0.6129435191889935 0.2887079762689519 0.004026068066618392 0.008793671720500988
1 0.7582331643736422 0.3084904416611734 0.003218682114409848 0.007330257086354647
1 0.8620673425054309 0.2377785102175346 0.004026068066618392 0.008061964403427819
1 0.6795510499637943 0.23594594594594595 0.0052317161477190436 0.011727092946605141
1 0.7564228819695872 0.21249835201054715 0.003620564808110065 0.008793671720500988
1 0.5111223750905142 0.13959129861568886 0.004829833454018827 0.00952537903757416
1 0.41533671252715426 0.0688793671720501 0.004829833454018827 0.010257086354647331
1 0.43304489500362053 0.27624917600527354 0.003218682114409848 0.007330257086354647
1 0.5209847936278059 0.23851021753460777 0.00442795076031861 0.008061964403427819
1 0.5576068066618393 0.15680949241924852 0.003620564808110065 0.007330257086354647
1 0.4775162925416365 0.17696110744891233 0.002816799420709631 0.0065919578114700065
1 0.41433019551049965 0.28943968358602506 0.003620564808110065 0.008793671720500988
1 0.5145438088341782 0.25866183256427155 0.00442795076031861 0.005860250494396836
1 0.3807277335264301 0.3304746209624258 0.004026068066618392 0.010257086354647331
1 0.2791057204923968 0.2740540540540541 0.00442795076031861 0.008793671720500988
1 0.5652534395365677 0.2920039551746869 0.003620564808110065 0.008061964403427819
1 0.5147465604634323 0.301529334212261 0.004026068066618392 0.008061964403427819
1 0.5515713251267198 0.4942452208305867 0.00442795076031861 0.0065919578114700065
1 0.0653982621288921 0.08829927488464073 0.00442795076031861 0.008061964403427819
1 0.10343229543808835 0.1300659195781147 0.003218682114409848 0.0051285431773236655
1 0.17023895727733526 0.2147000659195781 0.003218682114409848 0.007330257086354647
1 0.16400072411296163 0.22862228081740277 0.00442795076031861 0.007330257086354647
1 0.12757784214337436 0.2432762030323006 0.004026068066618392 0.010257086354647331
1 0.028776249094858798 0.3572181938035596 0.003620564808110065 0.01245880026367831
1 0.17023895727733526 0.5125642715886618 0.004829833454018827 0.00952537903757416
1 0.23684648805213612 0.525385629531971 0.003620564808110065 0.005860250494396836
1 0.4980412744388124 0.5382069874752802 0.003620564808110065 0.008061964403427819
1 0.5368790731354091 0.5979301252471984 0.003218682114409848 0.005860250494396836
1 0.6829724837074583 0.5037705998681609 0.003218682114409848 0.008061964403427819
1 0.6568139029688631 0.6668094924192485 0.004026068066618392 0.007330257086354647
1 0.8254417089065894 0.5063348714568227 0.003218682114409848 0.007330257086354647
1 0.857237509051412 0.5437046802900461 0.0024149167270094136 0.005860250494396836
1 0.9141853729181753 0.623941990771259 0.00442795076031861 0.008061964403427819
1 0.8616654598117307 0.5960975609756097 0.004829833454018827 0.008061964403427819
1 0.7695003620564809 0.20993408042188533 0.004026068066618392 0.008061964403427819
1 0.6807603186097031 0.20370468029004613 0.003620564808110065 0.007330257086354647
1 0.7721180304127444 0.301529334212261 0.002816799420709631 0.0051285431773236655
1 0.7634648805213613 0.34073170731707314 0.003218682114409848 0.004396835860250494
1 0.108059377262853 0.3931245880026368 0.003620564808110065 0.0065919578114700065
1 0.6755286024619841 0.8353394858272908 0.0052317161477190436 0.011727092946605141
1 0.7626611151339608 0.900560316413975 0.004026068066618392 0.007330257086354647
1 0.8908435916002897 0.9496506262359921 0.003620564808110065 0.008793671720500988
1 0.2682404055032585 0.7778180619644035 0.003620564808110065 0.008061964403427819
1 0.3008363504706734 0.7899143045484509 0.003620564808110065 0.007330257086354647
1 0.07727371469949312 0.9478180619644033 0.003218682114409848 0.008061964403427819
1 0.1348225923244026 0.9888529993408042 0.004026068066618392 0.008061964403427819
1 0.04568066618392469 0.7349571522742255 0.0052317161477190436 0.008793671720500988
1 0.21853367125271544 0.7562030323005934 0.003218682114409848 0.007330257086354647
1 0.45175959449674147 0.015385629531970995 0.0052317161477190436 0.013190507580751484
1 0.8167921795800145 0.09122610415293342 0.00442795076031861 0.008061964403427819
1 0.7751375814627082 0.023816743572841137 0.004026068066618392 0.0065919578114700065